MIN=0	-3	-1000	0	
MAX=160	3	1000	5	
SCALE=50	1	500	1	
DEC=1	3	0	3	
DEF="Zeit" t / s	"Strom" I_A1 / A	"Magn. Flussdichte" B_B1 / mT	"Frequenz" f / Hz	
0	0	3,5	NAN	
0,1	0	3,5	NAN	
0,201	0,0015	3,5	NAN	
0,301	-0,0015	3,5	NAN	
0,401	-0,0015	3,5	NAN	
0,501	0	3,5	NAN	
0,601	-0,0015	3,5	NAN	
0,701	0	3,5	NAN	
0,801	0	3,5	NAN	
0,901	-0,0015	3,5	NAN	
1,001	0	3,5	NAN	
1,101	0	3,5	NAN	
1,201	0	3,5	NAN	
1,301	0	3,5	NAN	
1,401	0	3,5	NAN	
1,501	0	3,5	NAN	
1,601	0,0015	3,5	NAN	
1,701	0	3,5	NAN	
1,801	0	3,5	NAN	
1,901	0	3,5	NAN	
2,001	0	3,5	NAN	
2,101	0	3,5	NAN	
2,201	-0,0015	3,5	NAN	
2,301	0	3,5	NAN	
2,401	0	3,5	NAN	
2,501	0	3,5	NAN	
2,601	0	3,5	NAN	
2,701	0	3,5	NAN	
2,801	0	3	NAN	
2,901	0	3,5	NAN	
3,001	0	3,5	NAN	
3,101	0	3,5	NAN	
3,201	0	3,5	NAN	
3,301	0	3,5	NAN	
3,401	0	3,5	NAN	
3,501	0,0015	3,5	NAN	
3,601	0	3,5	NAN	
3,701	0	3,5	NAN	
3,801	0	3,5	NAN	
3,901	0	4	NAN	
4,001	-0,0015	3,5	NAN	
4,101	0	3,5	NAN	
4,201	-0,0015	3,5	NAN	
4,301	-0,0015	3,5	NAN	
4,401	0	3,5	NAN	
4,501	0,0015	3,5	NAN	
4,601	0	3,5	NAN	
4,701	0	3,5	NAN	
4,801	0	3,5	NAN	
4,901	0	3,5	NAN	
5,001	0	3,5	NAN	
5,101	0	3,5	NAN	
5,201	0	3,5	NAN	
5,301	0	3,5	NAN	
5,401	0	3,5	NAN	
5,501	-0,0015	3,5	NAN	
5,601	0	3,5	NAN	
5,701	0	3,5	NAN	
5,801	0,0015	3,5	NAN	
5,901	0	3,5	NAN	
6,001	0	3,5	NAN	
6,101	0	3,5	NAN	
6,201	0	3,5	NAN	
6,301	0	3,5	NAN	
6,401	0	3,5	NAN	
6,501	0	3,5	NAN	
6,601	0	3,5	NAN	
6,701	0,0345	-1,5	NAN	
6,801	0,0735	-9,5	NAN	
6,901	0,1185	-21,5	NAN	
7,001	0,1665	-35,5	NAN	
7,101	0,189	-45	NAN	
7,201	0,2085	-53	NAN	
7,301	0,2355	-61,5	NAN	
7,401	0,2505	-68	NAN	
7,501	0,2775	-77	NAN	
7,601	0,3015	-87	NAN	
7,701	0,333	-100	NAN	
7,801	0,3435	-107	NAN	
7,901	0,3495	-112,5	NAN	
8,001	0,3615	-118	NAN	
8,101	0,3825	-124,5	NAN	
8,201	0,393	-131,5	NAN	
8,301	0,4035	-137	NAN	
8,401	0,423	-144,5	NAN	
8,501	0,438	-151,5	NAN	
8,601	0,4455	-156,5	NAN	
8,701	0,465	-163,5	NAN	
8,801	0,462	-167,5	NAN	
8,901	0,465	-169,5	NAN	
9,001	0,471	-171,5	NAN	
9,101	0,468	-173	NAN	
9,201	0,489	-176,5	NAN	
9,301	0,477	-177,5	NAN	
9,401	0,486	-179	NAN	
9,501	0,492	-181,5	NAN	
9,601	0,4965	-183,5	NAN	
9,701	0,4995	-185,5	NAN	
9,801	0,4995	-186,5	NAN	
9,901	0,5025	-187	NAN	
10,001	0,501	-188	NAN	
10,101	0,5025	-188,5	NAN	
10,201	0,5025	-189	NAN	
10,301	0,507	-190	NAN	
10,401	0,5055	-190	NAN	
10,501	0,504	-190,5	NAN	
10,601	0,507	-191	NAN	
10,701	0,5085	-191,5	NAN	
10,801	0,5055	-191,5	NAN	
10,901	0,51	-192	NAN	
11,001	0,5115	-192,5	NAN	
11,101	0,51	-192,5	NAN	
11,201	0,51	-193	NAN	
11,301	0,5115	-193	NAN	
11,401	0,51	-193	NAN	
11,501	0,5115	-193,5	NAN	
11,601	0,513	-194	NAN	
11,701	0,513	-194,5	NAN	
11,801	0,5085	-194	NAN	
11,901	0,507	-194	NAN	
12,001	0,51	-194	NAN	
12,101	0,5115	-194,5	NAN	
12,201	0,513	-194,5	NAN	
12,301	0,5145	-195	NAN	
12,401	0,513	-194,5	NAN	
12,501	0,507	-194,5	NAN	
12,601	0,516	-195	NAN	
12,701	0,5145	-195	NAN	
12,801	0,5145	-194,5	NAN	
12,901	0,513	-195	NAN	
13,001	0,5175	-195,5	NAN	
13,101	0,522	-196,5	NAN	
13,201	0,522	-197,5	NAN	
13,301	0,5235	-198	NAN	
13,401	0,522	-198,5	NAN	
13,501	0,5235	-199	NAN	
13,601	0,525	-199,5	NAN	
13,701	0,525	-199,5	NAN	
13,801	0,525	-200	NAN	
13,901	0,528	-200	NAN	
14,001	0,5265	-200,5	NAN	
14,101	0,525	-200	NAN	
14,201	0,525	-200,5	NAN	
14,301	0,525	-200,5	NAN	
14,401	0,525	-200,5	NAN	
14,501	0,5265	-200,5	NAN	
14,601	0,525	-201	NAN	
14,701	0,528	-201	NAN	
14,801	0,528	-200,5	NAN	
14,901	0,528	-201	NAN	
15,001	0,528	-201	NAN	
15,101	0,528	-201,5	NAN	
15,201	0,5265	-201	NAN	
15,301	0,5265	-201,5	NAN	
15,401	0,528	-201	NAN	
15,501	0,5295	-201,5	NAN	
15,601	0,5295	-201	NAN	
15,701	0,528	-201,5	NAN	
15,801	0,528	-201,5	NAN	
15,901	0,5295	-201,5	NAN	
16,001	0,528	-201,5	NAN	
16,101	0,528	-201,5	NAN	
16,201	0,5295	-201,5	NAN	
16,301	0,5295	-201,5	NAN	
16,401	0,528	-201,5	NAN	
16,501	0,5295	-201,5	NAN	
16,601	0,528	-201,5	NAN	
16,701	0,528	-201,5	NAN	
16,801	0,5265	-201	NAN	
16,901	0,5325	-202	NAN	
17,001	0,555	-207,5	NAN	
17,101	0,597	-220,5	NAN	
17,201	0,6435	-237	NAN	
17,301	0,6885	-254,5	NAN	
17,401	0,7245	-270	NAN	
17,501	0,7635	-287,5	NAN	
17,601	0,783	-299,5	NAN	
17,701	0,7935	-308	NAN	
17,801	0,8085	-315	NAN	
17,901	0,813	-320,5	NAN	
18,001	0,819	-324	NAN	
18,101	0,822	-327	NAN	
18,201	0,8265	-329,5	NAN	
18,301	0,8265	-331	NAN	
18,401	0,828	-333	NAN	
18,501	0,831	-334	NAN	
18,601	0,834	-335	NAN	
18,701	0,834	-336,5	NAN	
18,801	0,837	-337	NAN	
18,901	0,8355	-337,5	NAN	
19,001	0,834	-337,5	NAN	
19,101	0,834	-338	NAN	
19,201	0,8355	-338	NAN	
19,301	0,8355	-338	NAN	
19,401	0,837	-338,5	NAN	
19,501	0,8355	-338	NAN	
19,601	0,8355	-338,5	NAN	
19,701	0,8355	-338,5	NAN	
19,801	0,8355	-338,5	NAN	
19,901	0,8355	-339	NAN	
20,001	0,8355	-339	NAN	
20,101	0,8415	-339	NAN	
20,201	0,8385	-339,5	NAN	
20,301	0,8385	-339,5	NAN	
20,401	0,84	-339,5	NAN	
20,501	0,837	-339	NAN	
20,601	0,8355	-339	NAN	
20,701	0,837	-339,5	NAN	
20,801	0,8385	-339	NAN	
20,901	0,8355	-339,5	NAN	
21,001	0,837	-339,5	NAN	
21,101	0,8355	-339,5	NAN	
21,201	0,8385	-339,5	NAN	
21,301	0,837	-339,5	NAN	
21,401	0,8355	-339,5	NAN	
21,501	0,837	-339,5	NAN	
21,601	0,837	-339,5	NAN	
21,701	0,837	-339,5	NAN	
21,801	0,8385	-340	NAN	
21,901	0,837	-339,5	NAN	
22,001	0,8385	-339,5	NAN	
22,101	0,84	-340	NAN	
22,201	0,84	-340	NAN	
22,301	0,84	-340	NAN	
22,401	0,8415	-340,5	NAN	
22,501	0,8385	-340	NAN	
22,601	0,8355	-340	NAN	
22,701	0,834	-340	NAN	
22,801	0,8355	-340	NAN	
22,901	0,837	-340	NAN	
23,001	0,837	-340	NAN	
23,101	0,837	-340	NAN	
23,201	0,837	-339,5	NAN	
23,301	0,837	-340	NAN	
23,401	0,837	-340,5	NAN	
23,501	0,837	-340	NAN	
23,601	0,8355	-340	NAN	
23,701	0,837	-340	NAN	
23,801	0,8385	-340	NAN	
23,901	0,8385	-340	NAN	
24,001	0,8385	-340,5	NAN	
24,101	0,8385	-340	NAN	
24,201	0,8385	-340	NAN	
24,301	0,84	-340,5	NAN	
24,401	0,84	-340,5	NAN	
24,501	0,84	-340,5	NAN	
24,601	0,84	-340,5	NAN	
24,701	0,8385	-340,5	NAN	
24,801	0,8385	-340,5	NAN	
24,901	0,84	-340,5	NAN	
25,001	0,8415	-341	NAN	
25,101	0,8445	-341	NAN	
25,201	0,84	-341	NAN	
25,301	0,84	-341	NAN	
25,401	0,837	-340,5	NAN	
25,501	0,84	-341	NAN	
25,601	0,84	-340,5	NAN	
25,701	0,8445	-341	NAN	
25,801	0,8445	-341,5	NAN	
25,901	0,8445	-342	NAN	
26,001	0,846	-342	NAN	
26,101	0,8655	-345,5	NAN	
26,201	0,891	-353	NAN	
26,301	0,9225	-363,5	NAN	
26,401	0,948	-374,5	NAN	
26,501	0,9825	-386,5	NAN	
26,601	1,0095	-398	NAN	
26,701	1,032	-408	NAN	
26,801	1,0545	-417,5	NAN	
26,901	1,074	-425	NAN	
27,001	1,086	-432,5	NAN	
27,101	1,101	-438,5	NAN	
27,201	1,1175	-445	NAN	
27,301	1,1325	-451	NAN	
27,401	1,1475	-457	NAN	
27,501	1,158	-462	NAN	
27,601	1,1685	-467	NAN	
27,701	1,1775	-471,5	NAN	
27,801	1,188	-475,5	NAN	
27,901	1,197	-479,5	NAN	
28,001	1,2075	-483	NAN	
28,101	1,2165	-486,5	NAN	
28,201	1,227	-490,5	NAN	
28,301	1,2375	-494	NAN	
28,401	1,248	-498,5	NAN	
28,501	1,2615	-502,5	NAN	
28,601	1,2735	-507	NAN	
28,701	1,287	-512	NAN	
28,801	1,299	-516	NAN	
28,901	1,3065	-519,5	NAN	
29,001	1,3125	-522,5	NAN	
29,101	1,3215	-526	NAN	
29,201	1,3335	-529	NAN	
29,301	1,3395	-532	NAN	
29,401	1,347	-535	NAN	
29,501	1,3545	-538	NAN	
29,601	1,3605	-540,5	NAN	
29,701	1,371	-544	NAN	
29,801	1,3815	-547	NAN	
29,901	1,386	-549,5	NAN	
30,001	1,3935	-552	NAN	
30,101	1,398	-554	NAN	
30,201	1,404	-556	NAN	
30,301	1,4085	-558	NAN	
30,401	1,4145	-560	NAN	
30,501	1,4235	-562,5	NAN	
30,601	1,434	-565	NAN	
30,701	1,437	-568	NAN	
30,801	1,44	-569,5	NAN	
30,901	1,4445	-571	NAN	
31,001	1,449	-572	NAN	
31,101	1,4505	-573	NAN	
31,201	1,4565	-575	NAN	
31,301	1,461	-576,5	NAN	
31,401	1,4655	-578	NAN	
31,501	1,47	-580	NAN	
31,601	1,4745	-581	NAN	
31,701	1,479	-583	NAN	
31,801	1,4865	-585	NAN	
31,901	1,4925	-587	NAN	
32,001	1,497	-588,5	NAN	
32,101	1,5	-590	NAN	
32,201	1,5045	-591,5	NAN	
32,301	1,512	-593	NAN	
32,401	1,512	-594,5	NAN	
32,501	1,518	-596	NAN	
32,601	1,521	-597	NAN	
32,701	1,5285	-598,5	NAN	
32,801	1,533	-600,5	NAN	
32,901	1,536	-602	NAN	
33,001	1,539	-603	NAN	
33,101	1,5435	-605	NAN	
33,201	1,548	-606	NAN	
33,301	1,554	-607,5	NAN	
33,401	1,56	-609,5	NAN	
33,501	1,5645	-611	NAN	
33,601	1,569	-612,5	NAN	
33,701	1,5735	-614	NAN	
33,801	1,578	-616	NAN	
33,901	1,584	-617	NAN	
34,001	1,5885	-619	NAN	
34,101	1,5945	-620,5	NAN	
34,201	1,6035	-623	NAN	
34,301	1,608	-625	NAN	
34,401	1,614	-626,5	NAN	
34,501	1,6185	-629	NAN	
34,601	1,6305	-631,5	NAN	
34,701	1,641	-634,5	NAN	
34,801	1,653	-638	NAN	
34,901	1,6575	-640,5	NAN	
35,001	1,6635	-642,5	NAN	
35,101	1,6725	-644,5	NAN	
35,201	1,6785	-647,5	NAN	
35,301	1,6845	-649	NAN	
35,401	1,6905	-651	NAN	
35,501	1,6935	-652,5	NAN	
35,601	1,698	-654	NAN	
35,701	1,6995	-655	NAN	
35,801	1,701	-655,5	NAN	
35,901	1,7025	-656	NAN	
36,001	1,7025	-656	NAN	
36,101	1,7025	-656,5	NAN	
36,201	1,7025	-656,5	NAN	
36,301	1,701	-656,5	NAN	
36,401	1,6995	-656,5	NAN	
36,501	1,701	-657	NAN	
36,601	1,7025	-656,5	NAN	
36,701	1,7025	-657	NAN	
36,801	1,7025	-657	NAN	
36,901	1,7025	-656,5	NAN	
37,001	1,7025	-657	NAN	
37,101	1,704	-657	NAN	
37,201	1,7025	-657	NAN	
37,301	1,704	-657	NAN	
37,401	1,7055	-657,5	NAN	
37,501	1,704	-657	NAN	
37,601	1,704	-657	NAN	
37,701	1,7025	-657	NAN	
37,801	1,7055	-657	NAN	
37,901	1,7055	-657,5	NAN	
38,001	1,6995	-657	NAN	
38,101	1,698	-656,5	NAN	
38,201	1,698	-657	NAN	
38,301	1,6995	-657	NAN	
38,401	1,6995	-656,5	NAN	
38,501	1,698	-656,5	NAN	
38,601	1,719	-659,5	NAN	
38,701	1,7355	-664	NAN	
38,801	1,7475	-668	NAN	
38,901	1,7655	-672	NAN	
39,001	1,779	-676,5	NAN	
39,101	1,7925	-681	NAN	
39,201	1,8	-684	NAN	
39,301	1,806	-686,5	NAN	
39,401	1,8165	-689	NAN	
39,501	1,827	-692,5	NAN	
39,601	1,8375	-695,5	NAN	
39,701	1,848	-698	NAN	
39,801	1,8585	-701,5	NAN	
39,901	1,8705	-704,5	NAN	
40,001	1,881	-708	NAN	
40,101	1,8915	-711	NAN	
40,201	1,899	-713,5	NAN	
40,301	1,911	-716	NAN	
40,401	1,92	-719,5	NAN	
40,501	1,929	-722	NAN	
40,601	1,9365	-724,5	NAN	
40,701	1,9395	-726	NAN	
40,801	1,947	-728	NAN	
40,901	1,953	-729,5	NAN	
41,001	1,959	-731	NAN	
41,101	1,968	-733,5	NAN	
41,201	1,977	-736	NAN	
41,301	1,9815	-738	NAN	
41,401	1,9875	-739	NAN	
41,501	1,998	-742	NAN	
41,601	2,013	-745,5	NAN	
41,701	2,022	-748	NAN	
41,801	2,0325	-750,5	NAN	
41,901	2,0445	-754,5	NAN	
42,001	2,055	-757	NAN	
42,101	2,0655	-760	NAN	
42,201	2,076	-763	NAN	
42,301	2,0865	-765,5	NAN	
42,401	2,097	-768	NAN	
42,501	2,1075	-771	NAN	
42,601	2,1225	-774,5	NAN	
42,701	2,133	-777,5	NAN	
42,801	2,1405	-780	NAN	
42,901	2,1525	-782,5	NAN	
43,001	2,163	-785	NAN	
43,101	2,1705	-788	NAN	
43,201	2,1795	-790	NAN	
43,301	2,1885	-792,5	NAN	
43,401	2,196	-795	NAN	
43,501	2,2065	-797	NAN	
43,601	2,2185	-800	NAN	
43,701	2,229	-802,5	NAN	
43,801	2,241	-805,5	NAN	
43,901	2,247	-808	NAN	
44,001	2,256	-810	NAN	
44,101	2,2635	-812	NAN	
44,201	2,2755	-814	NAN	
44,301	2,286	-816,5	NAN	
44,401	2,2965	-819,5	NAN	
44,501	2,301	-821	NAN	
44,601	2,307	-822	NAN	
44,701	2,3145	-824	NAN	
44,801	2,3235	-826	NAN	
44,901	2,3265	-827	NAN	
45,001	2,3325	-828,5	NAN	
45,101	2,3385	-830,5	NAN	
45,201	2,349	-832	NAN	
45,301	2,3535	-833,5	NAN	
45,401	2,358	-835	NAN	
45,501	2,364	-836	NAN	
45,601	2,373	-838	NAN	
45,701	2,379	-839,5	NAN	
45,801	2,3895	-841,5	NAN	
45,901	2,4	-843,5	NAN	
46,001	2,406	-845,5	NAN	
46,101	2,412	-847	NAN	
46,201	2,421	-848,5	NAN	
46,301	2,4255	-850	NAN	
46,401	2,4315	-851	NAN	
46,501	2,4405	-853	NAN	
46,601	2,4435	-854,5	NAN	
46,701	2,4495	-855,5	NAN	
46,801	2,4615	-857	NAN	
46,901	2,466	-859	NAN	
47,001	2,472	-860,5	NAN	
47,101	2,4795	-862	NAN	
47,201	2,4855	-863	NAN	
47,301	2,49	-864,5	NAN	
47,401	2,487	-864,5	NAN	
47,501	2,496	-866	NAN	
47,601	2,511	-868,5	NAN	
47,701	2,52	-870	NAN	
47,801	2,523	-871,5	NAN	
47,901	2,5275	-872,5	NAN	
48,001	2,532	-873,5	NAN	
48,101	2,535	-874	NAN	
48,201	2,5365	-875	NAN	
48,301	2,5395	-875,5	NAN	
48,401	2,538	-875,5	NAN	
48,501	2,5425	-876	NAN	
48,601	2,5425	-876	NAN	
48,701	2,547	-877	NAN	
48,801	2,553	-877,5	NAN	
48,901	2,5545	-878,5	NAN	
49,001	2,5575	-879	NAN	
49,101	2,562	-880	NAN	
49,201	2,5665	-881	NAN	
49,301	2,5725	-882	NAN	
49,401	2,577	-883	NAN	
49,501	2,586	-884,5	NAN	
49,601	2,595	-886	NAN	
49,701	2,6055	-888,5	NAN	
49,801	2,613	-890	NAN	
49,901	2,6205	-891,5	NAN	
50,001	2,6295	-893	NAN	
50,101	2,6355	-894,5	NAN	
50,201	2,6445	-896	NAN	
50,301	2,655	-898	NAN	
50,401	2,661	-900	NAN	
50,501	2,6685	-901	NAN	
50,601	2,676	-902	NAN	
50,701	2,682	-903,5	NAN	
50,801	2,685	-904,5	NAN	
50,901	2,6925	-905,5	NAN	
51,001	2,703	-907	NAN	
51,101	2,709	-908,5	NAN	
51,201	2,718	-910	NAN	
51,301	2,7255	-911,5	NAN	
51,401	2,7315	-912,5	NAN	
51,501	2,7405	-914,5	NAN	
51,601	2,751	-916	NAN	
51,701	2,757	-917,5	NAN	
51,801	2,763	-918,5	NAN	
51,901	2,766	-919,5	NAN	
52,001	2,7705	-920,5	NAN	
52,101	2,775	-921	NAN	
52,201	2,781	-922	NAN	
52,301	2,787	-923	NAN	
52,401	2,7945	-924	NAN	
52,501	2,802	-926	NAN	
52,601	2,8095	-927	NAN	
52,701	2,814	-928,5	NAN	
52,801	2,8215	-929,5	NAN	
52,901	2,8275	-930	NAN	
53,001	2,8305	-931,5	NAN	
53,101	2,838	-932	NAN	
53,201	2,8455	-933,5	NAN	
53,301	2,8515	-934,5	NAN	
53,401	2,856	-935,5	NAN	
53,501	2,859	-936	NAN	
53,601	2,865	-937	NAN	
53,701	2,871	-938	NAN	
53,801	2,88	-939	NAN	
53,901	2,8905	-940,5	NAN	
54,001	2,8995	-942	NAN	
54,101	2,904	-943	NAN	
54,201	2,9085	-944	NAN	
54,301	2,9115	-944,5	NAN	
54,401	2,907	-944,5	NAN	
54,501	2,8665	-942	NAN	
54,601	2,82	-938	NAN	
54,701	2,7735	-933,5	NAN	
54,801	2,733	-930	NAN	
54,901	2,6985	-926	NAN	
55,001	2,6655	-922	NAN	
55,101	2,6325	-918,5	NAN	
55,201	2,595	-914	NAN	
55,301	2,5575	-909,5	NAN	
55,401	2,514	-903,5	NAN	
55,501	2,475	-898,5	NAN	
55,601	2,4435	-893	NAN	
55,701	2,4135	-888,5	NAN	
55,801	2,3805	-883	NAN	
55,901	2,3445	-877,5	NAN	
56,001	2,313	-872	NAN	
56,101	2,2905	-867	NAN	
56,201	2,265	-863	NAN	
56,301	2,241	-858	NAN	
56,401	2,22	-854	NAN	
56,501	2,2035	-850,5	NAN	
56,601	2,1855	-847	NAN	
56,7	2,163	-843	NAN	
56,8	2,1375	-837,5	NAN	
56,9	2,1165	-833	NAN	
57	2,094	-828,5	NAN	
57,1	2,0685	-823,5	NAN	
57,2	2,0505	-819	NAN	
57,3	2,028	-814	NAN	
57,4	2,0025	-808,5	NAN	
57,5	1,9785	-802,5	NAN	
57,6	1,9605	-798	NAN	
57,7	1,944	-794	NAN	
57,8	1,929	-790	NAN	
57,9	1,9155	-787	NAN	
58	1,896	-782,5	NAN	
58,1	1,881	-778,5	NAN	
58,2	1,863	-774	NAN	
58,3	1,845	-770	NAN	
58,4	1,8315	-766	NAN	
58,5	1,818	-762,5	NAN	
58,6	1,8045	-759	NAN	
58,7	1,7925	-755	NAN	
58,8	1,7775	-751,5	NAN	
58,9	1,761	-748	NAN	
59	1,7475	-743,5	NAN	
59,1	1,7325	-740	NAN	
59,2	1,716	-735,5	NAN	
59,3	1,701	-731,5	NAN	
59,4	1,686	-727,5	NAN	
59,5	1,6725	-723	NAN	
59,6	1,656	-719	NAN	
59,7	1,638	-714	NAN	
59,8	1,6215	-710	NAN	
59,9	1,6065	-705,5	NAN	
60	1,587	-700	NAN	
60,1	1,563	-694	NAN	
60,2	1,5465	-688,5	NAN	
60,3	1,5285	-683,5	NAN	
60,4	1,515	-678,5	NAN	
60,5	1,497	-674,5	NAN	
60,6	1,482	-669,5	NAN	
60,7	1,4655	-665	NAN	
60,8	1,455	-660,5	NAN	
60,9	1,4415	-656,5	NAN	
61	1,4235	-651,5	NAN	
61,1	1,407	-646,5	NAN	
61,2	1,386	-640,5	NAN	
61,3	1,362	-634	NAN	
61,4	1,3365	-626	NAN	
61,5	1,3065	-617,5	NAN	
61,6	1,2795	-609	NAN	
61,7	1,251	-600	NAN	
61,8	1,215	-590	NAN	
61,9	1,185	-579,5	NAN	
62	1,1535	-569,5	NAN	
62,1	1,125	-559,5	NAN	
62,2	1,101	-550,5	NAN	
62,3	1,0755	-542	NAN	
62,4	1,0635	-536	NAN	
62,5	1,0575	-532,5	NAN	
62,6	1,0545	-530,5	NAN	
62,7	1,0515	-529	NAN	
62,8	1,044	-528	NAN	
62,9	1,032	-524,5	NAN	
63	1,014	-519	NAN	
63,1	0,987	-511	NAN	
63,2	0,9615	-502,5	NAN	
63,3	0,9375	-493,5	NAN	
63,4	0,912	-484,5	NAN	
63,5	0,885	-475	NAN	
63,6	0,8595	-465,5	NAN	
63,7	0,8385	-457	NAN	
63,8	0,8145	-448,5	NAN	
63,9	0,795	-440,5	NAN	
64	0,7755	-433,5	NAN	
64,1	0,753	-425	NAN	
64,2	0,7335	-417	NAN	
64,3	0,7125	-409	NAN	
64,4	0,6885	-400	NAN	
64,5	0,669	-392	NAN	
64,6	0,6495	-384	NAN	
64,7	0,636	-377	NAN	
64,8	0,627	-372,5	NAN	
64,9	0,612	-367	NAN	
65	0,603	-362,5	NAN	
65,1	0,5925	-357,5	NAN	
65,2	0,579	-352,5	NAN	
65,3	0,564	-346	NAN	
65,4	0,543	-338,5	NAN	
65,5	0,522	-330	NAN	
65,6	0,4995	-320	NAN	
65,7	0,4725	-308,5	NAN	
65,8	0,4455	-296	NAN	
65,9	0,4155	-283,5	NAN	
66	0,384	-269	NAN	
66,1	0,354	-254	NAN	
66,2	0,3255	-242	NAN	
66,3	0,303	-229,5	NAN	
66,4	0,2775	-218	NAN	
66,5	0,2535	-206	NAN	
66,6	0,228	-194	NAN	
66,7	0,207	-182,5	NAN	
66,8	0,1875	-172	NAN	
66,9	0,168	-163	NAN	
67	0,147	-153	NAN	
67,1	0,126	-142	NAN	
67,2	0,108	-133	NAN	
67,3	0,099	-127	NAN	
67,4	0,0915	-123	NAN	
67,5	0,0885	-119,5	NAN	
67,6	0,0855	-117	NAN	
67,7	0,0825	-115	NAN	
67,8	0,078	-114	NAN	
67,9	0,0735	-111,5	NAN	
68	0,06	-107	NAN	
68,1	0,039	-98,5	NAN	
68,2	0,0255	-91,5	NAN	
68,3	0,0195	-86,5	NAN	
68,4	0,015	-83	NAN	
68,5	0,0105	-80,5	NAN	
68,6	0,0075	-78,5	NAN	
68,7	0,0045	-77,5	NAN	
68,8	0,003	-76	NAN	
68,9	0,0045	-75,5	NAN	
69	0,003	-74,5	NAN	
69,1	0,0015	-74,5	NAN	
69,2	0,0015	-73,5	NAN	
69,3	0,0015	-73,5	NAN	
69,4	0	-73,5	NAN	
69,5	0	-73	NAN	
69,6	0	-73	NAN	
69,7	0	-73	NAN	
69,8	0	-72,5	NAN	
69,9	0	-72,5	NAN	
70	0	-73	NAN	
70,1	0	-72,5	NAN	
70,2	0	-72,5	NAN	
70,3	0,0015	-72,5	NAN	
70,4	0	-72,5	NAN	
70,5	0	-72,5	NAN	
70,6	0	-72,5	NAN	
70,7	0	-72,5	NAN	
70,8	0	-72,5	NAN	
70,9	0	-72,5	NAN	
71	0	-72,5	NAN	
71,1	0	-72,5	NAN	
71,2	0	-72,5	NAN	
71,3	0	-72,5	NAN	
71,4	-0,0015	-72,5	NAN	
71,5	0	-72	NAN	
71,6	0	-72,5	NAN	
71,7	0	-72,5	NAN	
71,8	0	-72,5	NAN	
71,9	0	-72,5	NAN	
72	0	-72,5	NAN	
72,1	0	-72,5	NAN	
72,2	0	-72,5	NAN	
72,3	0,0015	-72,5	NAN	
72,4	0	-72	NAN	
72,5	0	-72,5	NAN	
72,6	0	-72,5	NAN	
72,7	-0,0015	-72,5	NAN	
72,8	0	-72,5	NAN	
72,9	0	-72,5	NAN	
73	0	-72,5	NAN	
73,1	0,0015	-72,5	NAN	
73,2	0	-72,5	NAN	
73,3	0	-72,5	NAN	
73,4	0	-72,5	NAN	
73,5	-0,0015	-72,5	NAN	
73,6	0	-72,5	NAN	
73,7	0	-72,5	NAN	
73,8	0	-72,5	NAN	
73,9	0	-72,5	NAN	
74	0,0015	-72,5	NAN	
74,1	0,0015	-72,5	NAN	
74,2	0	-72,5	NAN	
74,3	-0,003	-72,5	NAN	
74,4	0	-72,5	NAN	
74,5	0	-72,5	NAN	
74,6	0	-72,5	NAN	
74,7	0	-72,5	NAN	
74,8	0,0015	-72,5	NAN	
74,9	0,0015	-72,5	NAN	
75	-0,015	-68,5	NAN	
75,1	-0,0345	-61,5	NAN	
75,2	-0,0525	-53	NAN	
75,3	-0,078	-42	NAN	
75,4	-0,1035	-30	NAN	
75,5	-0,129	-17,5	NAN	
75,6	-0,1605	-3,5	NAN	
75,7	-0,192	11	NAN	
75,8	-0,225	26	NAN	
75,9	-0,255	40,5	NAN	
76	-0,285	55	NAN	
76,1	-0,315	69	NAN	
76,2	-0,345	83,5	NAN	
76,3	-0,378	99	NAN	
76,4	-0,417	115	NAN	
76,5	-0,4455	130	NAN	
76,6	-0,4695	142,5	NAN	
76,7	-0,4935	154	NAN	
76,8	-0,5115	164	NAN	
76,9	-0,528	172,5	NAN	
77	-0,54	179,5	NAN	
77,1	-0,552	185,5	NAN	
77,2	-0,5595	190	NAN	
77,3	-0,564	194,5	NAN	
77,4	-0,5715	198	NAN	
77,5	-0,579	202	NAN	
77,6	-0,591	205,5	NAN	
77,7	-0,5985	210,5	NAN	
77,8	-0,6075	215	NAN	
77,9	-0,618	219	NAN	
78	-0,63	224	NAN	
78,1	-0,6375	228,5	NAN	
78,2	-0,648	233	NAN	
78,3	-0,66	239	NAN	
78,4	-0,675	244,5	NAN	
78,5	-0,684	250	NAN	
78,6	-0,696	254	NAN	
78,7	-0,705	259	NAN	
78,8	-0,717	264	NAN	
78,9	-0,726	268,5	NAN	
79	-0,738	274,5	NAN	
79,1	-0,75	279	NAN	
79,2	-0,7635	284	NAN	
79,3	-0,771	288,5	NAN	
79,4	-0,7845	294	NAN	
79,5	-0,798	299,5	NAN	
79,6	-0,81	305	NAN	
79,7	-0,822	310,5	NAN	
79,8	-0,834	316	NAN	
79,9	-0,846	321	NAN	
80	-0,8535	325	NAN	
80,1	-0,8625	329	NAN	
80,2	-0,8715	333	NAN	
80,3	-0,8805	337	NAN	
80,4	-0,894	342,5	NAN	
80,5	-0,9045	347	NAN	
80,6	-0,9165	352	NAN	
80,7	-0,9315	357,5	NAN	
80,8	-0,9435	363	NAN	
80,9	-0,954	368	NAN	
81	-0,966	373	NAN	
81,1	-0,978	378	NAN	
81,2	-0,9915	383	NAN	
81,3	-1,002	388,5	NAN	
81,4	-1,0155	393,5	NAN	
81,5	-1,0275	398	NAN	
81,6	-1,0425	404	NAN	
81,7	-1,0575	410	NAN	
81,8	-1,0695	415,5	NAN	
81,9	-1,0845	420,5	NAN	
82	-1,0995	427	NAN	
82,1	-1,113	432,5	NAN	
82,2	-1,1235	437	NAN	
82,3	-1,1385	442,5	NAN	
82,4	-1,146	446,5	NAN	
82,5	-1,1565	450	NAN	
82,6	-1,167	454,5	NAN	
82,7	-1,182	460	NAN	
82,8	-1,2015	466,5	NAN	
82,9	-1,2165	472	NAN	
83	-1,23	478	NAN	
83,1	-1,245	483,5	NAN	
83,2	-1,26	488,5	NAN	
83,3	-1,269	493,5	NAN	
83,4	-1,2825	498,5	NAN	
83,5	-1,299	504	NAN	
83,6	-1,3155	509,5	NAN	
83,7	-1,3305	515,5	NAN	
83,8	-1,344	520,5	NAN	
83,9	-1,3605	526	NAN	
84	-1,3725	531	NAN	
84,1	-1,386	536	NAN	
84,2	-1,398	540	NAN	
84,3	-1,41	544,5	NAN	
84,4	-1,419	548,5	NAN	
84,5	-1,4325	552,5	NAN	
84,6	-1,4445	557	NAN	
84,7	-1,452	560,5	NAN	
84,8	-1,4655	564	NAN	
84,9	-1,473	567	NAN	
85	-1,4925	572,5	NAN	
85,1	-1,521	580,5	NAN	
85,2	-1,542	588	NAN	
85,3	-1,5645	595,5	NAN	
85,4	-1,5885	603	NAN	
85,5	-1,605	609,5	NAN	
85,6	-1,626	615,5	NAN	
85,7	-1,647	622	NAN	
85,8	-1,668	629	NAN	
85,9	-1,692	636	NAN	
86	-1,7175	644	NAN	
86,1	-1,74	651	NAN	
86,2	-1,761	658	NAN	
86,3	-1,782	664,5	NAN	
86,4	-1,7985	670,5	NAN	
86,5	-1,8075	674,5	NAN	
86,6	-1,818	678	NAN	
86,7	-1,83	681,5	NAN	
86,8	-1,842	685	NAN	
86,9	-1,8615	690	NAN	
87	-1,8885	696,5	NAN	
87,1	-1,914	703,5	NAN	
87,2	-1,938	710	NAN	
87,3	-1,9635	717,5	NAN	
87,4	-1,992	725	NAN	
87,5	-2,0145	732	NAN	
87,6	-2,0355	738	NAN	
87,7	-2,052	743,5	NAN	
87,8	-2,0685	748,5	NAN	
87,9	-2,082	752,5	NAN	
88	-2,097	756,5	NAN	
88,1	-2,1135	761	NAN	
88,2	-2,1285	765	NAN	
88,3	-2,1375	768	NAN	
88,4	-2,1465	770	NAN	
88,5	-2,16	773,5	NAN	
88,6	-2,172	776,5	NAN	
88,7	-2,1855	780	NAN	
88,8	-2,2005	783,5	NAN	
88,9	-2,229	789	NAN	
89	-2,2605	796,5	NAN	
89,1	-2,295	804	NAN	
89,2	-2,319	810,5	NAN	
89,3	-2,346	817	NAN	
89,4	-2,3685	823	NAN	
89,5	-2,391	828,5	NAN	
89,6	-2,412	834	NAN	
89,7	-2,433	838	NAN	
89,8	-2,448	842	NAN	
89,9	-2,4615	845	NAN	
90	-2,4765	848,5	NAN	
90,1	-2,493	852	NAN	
90,2	-2,511	856,5	NAN	
90,3	-2,5305	860	NAN	
90,4	-2,547	864	NAN	
90,5	-2,5605	866,5	NAN	
90,6	-2,565	868,5	NAN	
90,7	-2,5575	869	NAN	
90,8	-2,5335	867	NAN	
90,9	-2,523	866	NAN	
91	-2,5185	865,5	NAN	
91,1	-2,505	864,5	NAN	
91,2	-2,4735	861	NAN	
91,3	-2,4555	859	NAN	
91,4	-2,4435	858	NAN	
91,5	-2,421	855,5	NAN	
91,6	-2,4015	852,5	NAN	
91,7	-2,3865	850,5	NAN	
91,8	-2,3685	848,5	NAN	
91,9	-2,349	845,5	NAN	
92	-2,3265	843	NAN	
92,1	-2,3025	839,5	NAN	
92,2	-2,2755	836	NAN	
92,3	-2,2545	832,5	NAN	
92,4	-2,2305	828,5	NAN	
92,5	-2,208	825	NAN	
92,6	-2,1855	821	NAN	
92,7	-2,166	817,5	NAN	
92,8	-2,1465	814	NAN	
92,9	-2,124	810,5	NAN	
93	-2,106	806,5	NAN	
93,1	-2,085	803	NAN	
93,2	-2,0715	800	NAN	
93,3	-2,055	797,5	NAN	
93,4	-2,0475	794,5	NAN	
93,5	-2,0325	792	NAN	
93,6	-2,019	789	NAN	
93,7	-2,001	786	NAN	
93,8	-1,9845	782,5	NAN	
93,9	-1,9665	778,5	NAN	
94	-1,95	774,5	NAN	
94,1	-1,9335	771	NAN	
94,2	-1,9185	768	NAN	
94,3	-1,908	764,5	NAN	
94,4	-1,896	762,5	NAN	
94,5	-1,887	759,5	NAN	
94,6	-1,8705	756,5	NAN	
94,7	-1,86	754	NAN	
94,8	-1,851	751,5	NAN	
94,9	-1,839	748,5	NAN	
95	-1,827	746	NAN	
95,1	-1,809	742	NAN	
95,2	-1,7955	738,5	NAN	
95,3	-1,782	735,5	NAN	
95,4	-1,7655	731,5	NAN	
95,5	-1,752	728	NAN	
95,6	-1,737	724,5	NAN	
95,7	-1,725	720,5	NAN	
95,8	-1,7115	717	NAN	
95,9	-1,701	714	NAN	
96	-1,689	711	NAN	
96,1	-1,6755	708	NAN	
96,2	-1,665	705	NAN	
96,3	-1,65	700,5	NAN	
96,4	-1,632	696,5	NAN	
96,5	-1,611	691,5	NAN	
96,6	-1,593	686	NAN	
96,7	-1,581	682,5	NAN	
96,8	-1,566	678,5	NAN	
96,9	-1,548	673,5	NAN	
97	-1,53	668	NAN	
97,1	-1,5075	662,5	NAN	
97,2	-1,488	656,5	NAN	
97,3	-1,461	650	NAN	
97,4	-1,44	643	NAN	
97,5	-1,4205	637	NAN	
97,6	-1,4115	633,5	NAN	
97,7	-1,407	631	NAN	
97,8	-1,404	629,5	NAN	
97,9	-1,3965	627,5	NAN	
98	-1,377	623	NAN	
98,1	-1,344	615	NAN	
98,2	-1,317	606,5	NAN	
98,3	-1,2855	597,5	NAN	
98,4	-1,2585	588,5	NAN	
98,5	-1,2315	580	NAN	
98,6	-1,2075	572	NAN	
98,7	-1,1835	565	NAN	
98,8	-1,164	558	NAN	
98,9	-1,149	552	NAN	
99	-1,131	545,5	NAN	
99,1	-1,1175	540,5	NAN	
99,2	-1,1055	536,5	NAN	
99,3	-1,0935	532,5	NAN	
99,4	-1,0785	527,5	NAN	
99,5	-1,062	522	NAN	
99,6	-1,044	516	NAN	
99,7	-1,026	510	NAN	
99,8	-1,0065	504	NAN	
99,9	-0,993	498	NAN	
100	-0,969	491	NAN	
100,1	-0,948	483,5	NAN	
100,2	-0,93	477	NAN	
100,3	-0,912	470,5	NAN	
100,4	-0,8955	464,5	NAN	
100,5	-0,879	458	NAN	
100,6	-0,8595	451,5	NAN	
100,7	-0,8415	444,5	NAN	
100,8	-0,816	436,5	NAN	
100,9	-0,7965	429	NAN	
101	-0,78	421,5	NAN	
101,1	-0,756	413,5	NAN	
101,2	-0,738	406	NAN	
101,3	-0,7215	399,5	NAN	
101,4	-0,702	391,5	NAN	
101,5	-0,6825	384	NAN	
101,6	-0,666	377	NAN	
101,7	-0,648	370	NAN	
101,8	-0,6405	365	NAN	
101,9	-0,6345	363	NAN	
102	-0,6315	361	NAN	
102,1	-0,63	359,5	NAN	
102,2	-0,63	358,5	NAN	
102,3	-0,621	357	NAN	
102,4	-0,6045	351	NAN	
102,5	-0,5775	340,5	NAN	
102,6	-0,543	328	NAN	
102,7	-0,51	314	NAN	
102,8	-0,477	299,5	NAN	
102,9	-0,4455	285	NAN	
103	-0,42	272	NAN	
103,1	-0,39	258,5	NAN	
103,2	-0,3645	246	NAN	
103,3	-0,342	235,5	NAN	
103,4	-0,327	227	NAN	
103,5	-0,3105	218,5	NAN	
103,6	-0,2895	210	NAN	
103,7	-0,2715	200	NAN	
103,8	-0,249	190	NAN	
103,9	-0,231	180	NAN	
104	-0,213	171	NAN	
104,1	-0,1935	162	NAN	
104,2	-0,177	154	NAN	
104,3	-0,1635	146,5	NAN	
104,4	-0,1485	138,5	NAN	
104,5	-0,1335	131,5	NAN	
104,6	-0,12	124,5	NAN	
104,7	-0,105	118	NAN	
104,8	-0,0945	111,5	NAN	
104,9	-0,084	106	NAN	
105	-0,0675	99,5	NAN	
105,1	-0,054	92,5	NAN	
105,2	-0,0375	84	NAN	
105,3	-0,024	77,5	NAN	
105,4	-0,018	73	NAN	
105,5	-0,0135	70	NAN	
105,6	-0,0105	67,5	NAN	
105,7	-0,006	65,5	NAN	
105,8	-0,0075	64	NAN	
105,9	-0,0045	63,5	NAN	
106	-0,0045	62,5	NAN	
106,1	-0,003	62	NAN	
106,2	-0,0015	61	NAN	
106,3	-0,0015	61	NAN	
106,4	0	60,5	NAN	
106,5	0	60,5	NAN	
106,6	0	60	NAN	
106,7	0,0015	60	NAN	
106,8	-0,0015	60	NAN	
106,9	0	60	NAN	
107	0	60	NAN	
107,1	0	59,5	NAN	
107,2	0	60	NAN	
107,3	0	60	NAN	
107,4	0	60	NAN	
107,5	0	60	NAN	
107,6	0	59,5	NAN	
107,7	0	60	NAN	
107,8	0	60	NAN	
107,9	0,0015	59,5	NAN	
108	0	59,5	NAN	
108,1	0	59,5	NAN	
108,2	0	60	NAN	
108,3	0	60	NAN	
108,4	0	60	NAN	
108,5	0,0015	59,5	NAN	
108,6	0	60	NAN	
108,7	0	59,5	NAN	
108,8	0	59,5	NAN	
108,9	-0,0015	59,5	NAN	
109	0,0015	60	NAN	
109,1	0	59,5	NAN	
109,2	0	59,5	NAN	
109,3	0	59,5	NAN	
109,4	0	60	NAN	
109,5	0	60	NAN	
109,6	0	60	NAN	
109,7	0	59,5	NAN	
109,8	0	59,5	NAN	
109,9	0	59,5	NAN	
110	0	59,5	NAN	
110,1	-0,0015	59,5	NAN	
110,2	0,0015	59,5	NAN	
110,3	0	59,5	NAN	
110,4	0	59,5	NAN	
110,5	0	59,5	NAN	
110,6	-0,0015	59,5	NAN	
110,7	0	59,5	NAN	
110,8	0	59,5	NAN	
110,9	0	59,5	NAN	
111	0	59,5	NAN	
111,1	0,003	59,5	NAN	
111,2	0	59,5	NAN	
111,3	0	59,5	NAN	
111,4	0	59,5	NAN	
111,5	0,0165	56	NAN	
111,6	0,03	49,5	NAN	
111,7	0,045	42,5	NAN	
111,8	0,0585	36	NAN	
111,9	0,069	30,5	NAN	
112	0,084	24,5	NAN	
112,1	0,096	17,5	NAN	
112,2	0,111	11	NAN	
112,3	0,123	5,5	NAN	
112,4	0,135	-1,5	NAN	
112,5	0,153	-9,5	NAN	
112,6	0,171	-17,5	NAN	
112,7	0,1875	-25,5	NAN	
112,8	0,201	-33	NAN	
112,9	0,216	-40,5	NAN	
113	0,231	-47,5	NAN	
113,1	0,2415	-53,5	NAN	
113,2	0,249	-58	NAN	
113,3	0,252	-60,5	NAN	
113,4	0,2625	-65	NAN	
113,5	0,2745	-70	NAN	
113,6	0,2895	-76,5	NAN	
113,7	0,303	-82,5	NAN	
113,8	0,315	-88,5	NAN	
113,9	0,3285	-95	NAN	
114	0,3405	-101,5	NAN	
114,1	0,3555	-107,5	NAN	
114,2	0,3645	-113	NAN	
114,3	0,3735	-117,5	NAN	
114,4	0,3885	-124	NAN	
114,5	0,4035	-130,5	NAN	
114,6	0,4185	-138	NAN	
114,7	0,4305	-143,5	NAN	
114,8	0,4455	-151	NAN	
114,9	0,4635	-158	NAN	
115	0,474	-164,5	NAN	
115,1	0,489	-170,5	NAN	
115,2	0,5025	-177	NAN	
115,3	0,5145	-183	NAN	
115,4	0,5265	-189	NAN	
115,5	0,5415	-195,5	NAN	
115,6	0,558	-202	NAN	
115,7	0,5715	-208,5	NAN	
115,8	0,582	-214,5	NAN	
115,9	0,5925	-220	NAN	
116	0,606	-226	NAN	
116,1	0,618	-232	NAN	
116,2	0,6285	-237,5	NAN	
116,3	0,642	-243	NAN	
116,4	0,6555	-248,5	NAN	
116,5	0,6705	-255,5	NAN	
116,6	0,6855	-262	NAN	
116,7	0,7005	-268	NAN	
116,8	0,714	-275	NAN	
116,9	0,732	-283	NAN	
117	0,7485	-289,5	NAN	
117,1	0,7605	-295,5	NAN	
117,2	0,777	-302	NAN	
117,3	0,789	-307,5	NAN	
117,4	0,801	-313,5	NAN	
117,5	0,81	-318,5	NAN	
117,6	0,822	-323,5	NAN	
117,7	0,8325	-328	NAN	
117,8	0,8445	-334	NAN	
117,9	0,8595	-340	NAN	
118	0,876	-346	NAN	
118,1	0,8895	-352,5	NAN	
118,2	0,9045	-359	NAN	
118,3	0,9225	-366	NAN	
118,4	0,9345	-372,5	NAN	
118,5	0,948	-378	NAN	
118,6	0,966	-384,5	NAN	
118,7	0,975	-389,5	NAN	
118,8	0,987	-394,5	NAN	
118,9	1,002	-400	NAN	
119	1,0185	-406	NAN	
119,1	1,0335	-413,5	NAN	
119,2	1,053	-421	NAN	
119,3	1,071	-428	NAN	
119,4	1,086	-434	NAN	
119,5	1,101	-440,5	NAN	
119,6	1,116	-446,5	NAN	
119,7	1,128	-451	NAN	
119,8	1,1385	-456	NAN	
119,9	1,1475	-460,5	NAN	
120	1,161	-465	NAN	
120,1	1,1655	-468,5	NAN	
120,2	1,173	-471,5	NAN	
120,3	1,179	-474	NAN	
120,4	1,194	-478,5	NAN	
120,5	1,203	-482,5	NAN	
120,6	1,209	-485,5	NAN	
120,7	1,224	-490,5	NAN	
120,8	1,242	-495,5	NAN	
120,9	1,2585	-502	NAN	
121	1,2795	-510	NAN	
121,1	1,3005	-516,5	NAN	
121,2	1,3185	-523,5	NAN	
121,3	1,338	-530,5	NAN	
121,4	1,353	-536,5	NAN	
121,5	1,3635	-541,5	NAN	
121,6	1,377	-546	NAN	
121,7	1,386	-550,5	NAN	
121,8	1,404	-555	NAN	
121,9	1,419	-561	NAN	
122	1,434	-565,5	NAN	
122,1	1,4415	-569,5	NAN	
122,2	1,449	-573	NAN	
122,3	1,461	-576,5	NAN	
122,4	1,4775	-581,5	NAN	
122,5	1,4955	-587	NAN	
122,6	1,506	-591,5	NAN	
122,7	1,5195	-595,5	NAN	
122,8	1,53	-600	NAN	
122,9	1,545	-604,5	NAN	
123	1,563	-610	NAN	
123,1	1,5795	-615,5	NAN	
123,2	1,5975	-620,5	NAN	
123,3	1,614	-626	NAN	
123,4	1,6305	-632	NAN	
123,5	1,6485	-637	NAN	
123,6	1,665	-643	NAN	
123,7	1,683	-648	NAN	
123,8	1,695	-652,5	NAN	
123,9	1,7085	-656,5	NAN	
124	1,719	-660,5	NAN	
124,1	1,7325	-665	NAN	
124,2	1,752	-670	NAN	
124,3	1,767	-674,5	NAN	
124,4	1,7805	-679	NAN	
124,5	1,7955	-684	NAN	
124,6	1,815	-689	NAN	
124,7	1,8285	-693,5	NAN	
124,8	1,842	-697,5	NAN	
124,9	1,866	-704	NAN	
125	1,887	-709,5	NAN	
125,1	1,902	-715	NAN	
125,2	1,923	-720,5	NAN	
125,3	1,9485	-727	NAN	
125,4	1,965	-732,5	NAN	
125,5	1,9815	-737	NAN	
125,6	1,998	-742	NAN	
125,7	2,013	-747	NAN	
125,8	2,034	-752	NAN	
125,9	2,061	-758	NAN	
126	2,082	-764,5	NAN	
126,1	2,1075	-770	NAN	
126,2	2,1225	-775,5	NAN	
126,3	2,1405	-780	NAN	
126,4	2,1645	-786	NAN	
126,5	2,199	-793,5	NAN	
126,6	2,244	-803	NAN	
126,7	2,277	-812	NAN	
126,8	2,304	-819,5	NAN	
126,9	2,34	-827	NAN	
127	2,376	-835	NAN	
127,1	2,4075	-843	NAN	
127,2	2,43	-849	NAN	
127,3	2,4555	-855	NAN	
127,4	2,4765	-860	NAN	
127,5	2,5005	-865	NAN	
127,6	2,514	-868,5	NAN	
127,7	2,526	-871,5	NAN	
127,8	2,5395	-874,5	NAN	
127,9	2,5635	-878,5	NAN	
128	2,5785	-882	NAN	
128,1	2,5935	-885,5	NAN	
128,2	2,6115	-889	NAN	
128,3	2,6235	-892	NAN	
128,4	2,643	-895	NAN	
128,5	2,658	-897,5	NAN	
128,6	2,6655	-900	NAN	
128,7	2,679	-902,5	NAN	
128,8	2,6925	-905	NAN	
128,9	2,7045	-907,5	NAN	
129	2,7195	-910	NAN	
129,1	2,73	-912,5	NAN	
129,2	2,7255	-913	NAN	
129,3	2,703	-911	NAN	
129,4	2,6625	-908	NAN	
129,5	2,616	-904	NAN	
129,6	2,5575	-897,5	NAN	
129,7	2,49	-890	NAN	
129,8	2,436	-882,5	NAN	
129,9	2,3925	-876,5	NAN	
130	2,358	-870,5	NAN	
130,1	2,328	-866	NAN	
130,2	2,2965	-861,5	NAN	
130,3	2,256	-855	NAN	
130,4	2,2215	-849	NAN	
130,5	2,1975	-844	NAN	
130,6	2,1765	-839,5	NAN	
130,7	2,1585	-835,5	NAN	
130,8	2,139	-832	NAN	
130,9	2,1135	-827,5	NAN	
131	2,085	-822	NAN	
131,1	2,061	-817	NAN	
131,2	2,0385	-812	NAN	
131,3	2,0115	-806,5	NAN	
131,4	1,98	-800	NAN	
131,5	1,9515	-793	NAN	
131,6	1,926	-787,5	NAN	
131,7	1,9005	-781	NAN	
131,8	1,8675	-774	NAN	
131,9	1,8405	-766,5	NAN	
132	1,8105	-759,5	NAN	
132,1	1,779	-752	NAN	
132,2	1,752	-744	NAN	
132,3	1,7205	-736,5	NAN	
132,4	1,6845	-727,5	NAN	
132,5	1,644	-717,5	NAN	
132,6	1,6095	-708	NAN	
132,7	1,5765	-698	NAN	
132,8	1,5405	-688	NAN	
132,9	1,503	-677	NAN	
133	1,461	-666	NAN	
133,1	1,4175	-653,5	NAN	
133,2	1,374	-640	NAN	
133,3	1,3245	-626	NAN	
133,4	1,275	-611	NAN	
133,5	1,2255	-595	NAN	
133,6	1,1715	-578,5	NAN	
133,7	1,1115	-559,5	NAN	
133,8	1,053	-540,5	NAN	
133,9	1,0035	-522	NAN	
134	0,9555	-504,5	NAN	
134,1	0,915	-488,5	NAN	
