MIN=0	-3	-1000	0	
MAX=250	3	1000	10	
SCALE=100	1	500	5	
DEC=2	3	0	3	
DEF="Zeit" t / s	"Strom" I_A1 / A	"Magn. Flussdichte" B_B1 / mT	"Frequenz" f / Hz	
0	0	-10	NAN	
0,05	0,0015	-10	NAN	
0,1	0	-10	NAN	
0,15	0	-10	NAN	
0,2	0,0015	-10	NAN	
0,25	0	-10	NAN	
0,3	0	-10	NAN	
0,35	0	-10	NAN	
0,4	0	-10	NAN	
0,45	0	-10	NAN	
0,5	0	-10	NAN	
0,55	-0,0015	-10	NAN	
0,6	0	-10	NAN	
0,65	0	-10	NAN	
0,7	0,0015	-10	NAN	
0,75	0	-10	NAN	
0,8	0	-10	NAN	
0,85	0	-10	NAN	
0,9	-0,0015	-10	NAN	
0,95	0	-10	NAN	
1	-0,0015	-10	NAN	
1,05	0,0015	-10	NAN	
1,1	0	-10	NAN	
1,15	0	-10	NAN	
1,2	0	-10	NAN	
1,25	0	-10	NAN	
1,3	0	-9,5	NAN	
1,35	0	-10	NAN	
1,4	0	-10	NAN	
1,45	0	-10	NAN	
1,5	0	-10	NAN	
1,55	0	-10	NAN	
1,6	0	-10	NAN	
1,65	0	-10	NAN	
1,7	0	-10	NAN	
1,75	0	-10	NAN	
1,8	0	-10	NAN	
1,85	0	-10	NAN	
1,9	0	-10	NAN	
1,95	-0,0015	-10	NAN	
2	0	-10	NAN	
2,05	0	-10	NAN	
2,1	0	-10	NAN	
2,15	0	-10	NAN	
2,2	0	-10	NAN	
2,25	0	-10	NAN	
2,3	0	-10	NAN	
2,35	0	-10	NAN	
2,4	-0,0015	-10	NAN	
2,45	0	-10	NAN	
2,5	0	-10	NAN	
2,55	0	-10	NAN	
2,6	0	-10	NAN	
2,65	0	-10	NAN	
2,7	0	-10	NAN	
2,75	-0,0015	-10	NAN	
2,8	0	-10	NAN	
2,85	0	-10	NAN	
2,9	0	-10	NAN	
2,95	0,0015	-10	NAN	
3	0	-10	NAN	
3,05	0	-10	NAN	
3,1	-0,0015	-10	NAN	
3,15	0	-10	NAN	
3,2	0	-10	NAN	
3,25	0	-9,5	NAN	
3,3	0,0015	-10	NAN	
3,35	-0,0015	-10	NAN	
3,4	0	-10	NAN	
3,45	0	-10	NAN	
3,5	0	-10	NAN	
3,55	0	-10	NAN	
3,6	0	-10	NAN	
3,65	0	-10	NAN	
3,7	0	-9,5	NAN	
3,75	0	-10	NAN	
3,8	0	-10	NAN	
3,85	0,0015	-10	NAN	
3,9	0	-10	NAN	
3,95	0	-10	NAN	
4	0	-10	NAN	
4,05	0	-10	NAN	
4,1	0	-10	NAN	
4,15	0	-10	NAN	
4,2	0,0015	-10	NAN	
4,25	0	-10	NAN	
4,3	0	-10	NAN	
4,35	-0,0015	-10	NAN	
4,4	0,0015	-10	NAN	
4,45	0,0015	-10	NAN	
4,5	0,0015	-10	NAN	
4,55	0	-10	NAN	
4,6	0	-10	NAN	
4,65	0	-10	NAN	
4,7	0	-10	NAN	
4,75	0	-10	NAN	
4,8	-0,0015	-10	NAN	
4,85	0	-10	NAN	
4,9	0	-10	NAN	
4,95	0	-10	NAN	
5	-0,0015	-10	NAN	
5,05	0	-10	NAN	
5,1	0	-10	NAN	
5,15	0	-10	NAN	
5,2	-0,0015	-10	NAN	
5,25	0	-10	NAN	
5,3	0	-10	NAN	
5,35	0	-10	NAN	
5,4	0	-10	NAN	
5,45	-0,0015	-10	NAN	
5,5	0	-10	NAN	
5,55	0	-10	NAN	
5,6	0,0015	-10	NAN	
5,65	0	-10	NAN	
5,7	0	-10	NAN	
5,75	0,0015	-10	NAN	
5,8	0	-10	NAN	
5,85	0	-10	NAN	
5,9	0	-10	NAN	
5,95	0	-10	NAN	
6	0,0165	-11,5	NAN	
6,05	0,024	-13,5	NAN	
6,1	0,027	-15	NAN	
6,15	0,0345	-16	NAN	
6,2	0,0465	-18,5	NAN	
6,25	0,06	-22	NAN	
6,3	0,078	-26,5	NAN	
6,35	0,0945	-31,5	NAN	
6,4	0,102	-35,5	NAN	
6,45	0,1095	-38,5	NAN	
6,5	0,1185	-42	NAN	
6,55	0,1275	-45	NAN	
6,6	0,1425	-50	NAN	
6,65	0,159	-55,5	NAN	
6,7	0,1785	-63,5	NAN	
6,75	0,186	-67,5	NAN	
6,8	0,195	-71,5	NAN	
6,85	0,2055	-76	NAN	
6,9	0,222	-82,5	NAN	
6,95	0,231	-87,5	NAN	
7	0,2385	-91	NAN	
7,05	0,261	-98,5	NAN	
7,1	0,2805	-107	NAN	
7,15	0,2865	-112	NAN	
7,2	0,297	-117	NAN	
7,25	0,3045	-121,5	NAN	
7,3	0,3075	-124	NAN	
7,35	0,309	-126	NAN	
7,4	0,3105	-127,5	NAN	
7,45	0,3135	-129	NAN	
7,5	0,318	-130,5	NAN	
7,55	0,3195	-132	NAN	
7,6	0,324	-133,5	NAN	
7,65	0,3255	-135	NAN	
7,7	0,33	-136	NAN	
7,75	0,336	-138,5	NAN	
7,8	0,348	-142	NAN	
7,85	0,36	-148	NAN	
7,9	0,3645	-151,5	NAN	
7,95	0,3735	-154,5	NAN	
8	0,384	-159	NAN	
8,05	0,3855	-162	NAN	
8,1	0,393	-164	NAN	
8,15	0,396	-167	NAN	
8,2	0,396	-168,5	NAN	
8,25	0,4005	-170	NAN	
8,3	0,4005	-170,5	NAN	
8,35	0,4035	-171,5	NAN	
8,4	0,4065	-173	NAN	
8,45	0,411	-174,5	NAN	
8,5	0,4155	-176,5	NAN	
8,55	0,42	-178,5	NAN	
8,6	0,423	-180	NAN	
8,65	0,423	-181,5	NAN	
8,7	0,429	-183	NAN	
8,75	0,438	-185,5	NAN	
8,8	0,444	-189	NAN	
8,85	0,4485	-191,5	NAN	
8,9	0,4545	-194	NAN	
8,95	0,4545	-195,5	NAN	
9	0,459	-197	NAN	
9,05	0,4635	-198,5	NAN	
9,1	0,4665	-200,5	NAN	
9,15	0,4725	-203,5	NAN	
9,2	0,477	-204,5	NAN	
9,25	0,4785	-206	NAN	
9,3	0,4785	-207	NAN	
9,35	0,48	-208	NAN	
9,4	0,483	-209	NAN	
9,45	0,489	-211	NAN	
9,5	0,4965	-213,5	NAN	
9,55	0,4995	-216	NAN	
9,6	0,5055	-218	NAN	
9,65	0,516	-222	NAN	
9,7	0,5205	-225	NAN	
9,75	0,5235	-227	NAN	
9,8	0,5295	-229	NAN	
9,85	0,5325	-231	NAN	
9,9	0,5325	-232	NAN	
9,95	0,5415	-234	NAN	
10	0,546	-236,5	NAN	
10,05	0,549	-238,5	NAN	
10,1	0,555	-240,5	NAN	
10,15	0,561	-243	NAN	
10,2	0,5655	-245	NAN	
10,25	0,567	-247	NAN	
10,3	0,57	-248	NAN	
10,35	0,576	-250	NAN	
10,4	0,5805	-252,5	NAN	
10,45	0,585	-255	NAN	
10,5	0,597	-259	NAN	
10,55	0,606	-262,5	NAN	
10,6	0,609	-265	NAN	
10,65	0,612	-266,5	NAN	
10,7	0,6135	-268	NAN	
10,75	0,618	-269	NAN	
10,8	0,6165	-270	NAN	
10,85	0,6195	-271	NAN	
10,9	0,6225	-272	NAN	
10,95	0,627	-273,5	NAN	
11	0,6345	-276	NAN	
11,05	0,6375	-278	NAN	
11,1	0,6405	-279,5	NAN	
11,15	0,6435	-281	NAN	
11,2	0,645	-282	NAN	
11,25	0,6465	-283	NAN	
11,3	0,6495	-284	NAN	
11,35	0,651	-285	NAN	
11,4	0,657	-286,5	NAN	
11,45	0,6645	-289	NAN	
11,5	0,669	-292	NAN	
11,55	0,6735	-293,5	NAN	
11,6	0,675	-294,5	NAN	
11,65	0,6765	-296	NAN	
11,7	0,678	-296,5	NAN	
11,75	0,678	-297	NAN	
11,8	0,6795	-297,5	NAN	
11,85	0,6825	-298	NAN	
11,9	0,681	-298,5	NAN	
11,95	0,6825	-299	NAN	
12	0,684	-300	NAN	
12,05	0,6855	-300	NAN	
12,1	0,6885	-301,5	NAN	
12,15	0,693	-303	NAN	
12,2	0,7005	-305	NAN	
12,25	0,705	-307	NAN	
12,3	0,708	-308,5	NAN	
12,35	0,714	-310,5	NAN	
12,4	0,7185	-312,5	NAN	
12,45	0,72	-314,5	NAN	
12,5	0,7305	-317	NAN	
12,55	0,7305	-319	NAN	
12,6	0,7335	-320	NAN	
12,65	0,744	-322,5	NAN	
12,7	0,7635	-328	NAN	
12,75	0,765	-332	NAN	
12,8	0,771	-334	NAN	
12,85	0,777	-337	NAN	
12,9	0,783	-339	NAN	
12,95	0,786	-341	NAN	
13	0,795	-344	NAN	
13,05	0,8145	-349	NAN	
13,1	0,822	-354	NAN	
13,15	0,825	-357	NAN	
13,2	0,828	-358,5	NAN	
13,25	0,8295	-359,5	NAN	
13,3	0,8295	-360,5	NAN	
13,35	0,834	-361	NAN	
13,4	0,8355	-362,5	NAN	
13,45	0,8385	-363,5	NAN	
13,5	0,84	-364,5	NAN	
13,55	0,8445	-365,5	NAN	
13,6	0,8565	-369	NAN	
13,65	0,8625	-371	NAN	
13,7	0,87	-374,5	NAN	
13,75	0,8805	-378,5	NAN	
13,8	0,885	-380,5	NAN	
13,85	0,9075	-386	NAN	
13,9	0,9165	-390,5	NAN	
13,95	0,9225	-394,5	NAN	
14	0,9315	-397,5	NAN	
14,05	0,945	-402	NAN	
14,1	0,954	-406	NAN	
14,15	0,96	-409	NAN	
14,2	0,966	-411	NAN	
14,25	0,9795	-415,5	NAN	
14,3	0,987	-419	NAN	
14,35	0,99	-421	NAN	
14,4	0,996	-423	NAN	
14,45	1,0035	-425,5	NAN	
14,5	1,008	-428	NAN	
14,55	1,0185	-431	NAN	
14,6	1,0245	-433	NAN	
14,65	1,041	-438	NAN	
14,7	1,044	-440,5	NAN	
14,75	1,05	-443	NAN	
14,8	1,0545	-445	NAN	
14,85	1,0575	-446,5	NAN	
14,9	1,0695	-450	NAN	
14,95	1,074	-452,5	NAN	
15	1,08	-454,5	NAN	
15,05	1,0875	-456,5	NAN	
15,1	1,089	-458	NAN	
15,15	1,0935	-459,5	NAN	
15,2	1,098	-461	NAN	
15,25	1,1115	-464	NAN	
15,3	1,137	-471	NAN	
15,35	1,1505	-477	NAN	
15,4	1,158	-480,5	NAN	
15,45	1,1595	-482,5	NAN	
15,5	1,1655	-484	NAN	
15,55	1,1685	-486	NAN	
15,6	1,1745	-488	NAN	
15,65	1,188	-491,5	NAN	
15,7	1,1925	-494	NAN	
15,75	1,197	-496	NAN	
15,8	1,206	-498,5	NAN	
15,85	1,2075	-500	NAN	
15,9	1,209	-501,5	NAN	
15,95	1,2105	-502	NAN	
16	1,209	-502	NAN	
16,05	1,212	-502,5	NAN	
16,1	1,212	-503	NAN	
16,15	1,218	-504	NAN	
16,2	1,2195	-505	NAN	
16,25	1,2285	-507	NAN	
16,3	1,2375	-509,5	NAN	
16,35	1,2435	-512	NAN	
16,4	1,2525	-515	NAN	
16,45	1,257	-516,5	NAN	
16,5	1,266	-519	NAN	
16,55	1,2705	-521	NAN	
16,6	1,278	-523,5	NAN	
16,65	1,287	-526	NAN	
16,7	1,2915	-528	NAN	
16,75	1,293	-529,5	NAN	
16,8	1,296	-530,5	NAN	
16,85	1,3305	-537	NAN	
16,9	1,338	-541,5	NAN	
16,95	1,356	-546,5	NAN	
17	1,3605	-550	NAN	
17,05	1,3725	-553	NAN	
17,1	1,3785	-556	NAN	
17,15	1,398	-560	NAN	
17,2	1,4115	-565,5	NAN	
17,25	1,4235	-569	NAN	
17,3	1,4445	-574,5	NAN	
17,35	1,4535	-579	NAN	
17,4	1,4595	-581,5	NAN	
17,45	1,4655	-584,5	NAN	
17,5	1,4775	-587,5	NAN	
17,55	1,485	-590,5	NAN	
17,6	1,4895	-592,5	NAN	
17,65	1,5045	-596	NAN	
17,7	1,515	-599	NAN	
17,75	1,5285	-603	NAN	
17,8	1,551	-608,5	NAN	
17,85	1,5735	-614,5	NAN	
17,9	1,587	-619,5	NAN	
17,95	1,599	-623,5	NAN	
18	1,6125	-628	NAN	
18,05	1,6215	-631,5	NAN	
18,1	1,6425	-636	NAN	
18,15	1,6545	-641	NAN	
18,2	1,671	-645,5	NAN	
18,25	1,686	-649,5	NAN	
18,3	1,695	-653,5	NAN	
18,35	1,7055	-656,5	NAN	
18,4	1,7205	-660,5	NAN	
18,45	1,725	-663,5	NAN	
18,5	1,74	-666,5	NAN	
18,55	1,7565	-671	NAN	
18,6	1,767	-675	NAN	
18,65	1,779	-678,5	NAN	
18,7	1,7925	-682	NAN	
18,75	1,8045	-685,5	NAN	
18,8	1,8225	-690	NAN	
18,85	1,8285	-693,5	NAN	
18,9	1,8375	-696	NAN	
18,95	1,8495	-699	NAN	
19	1,8615	-702,5	NAN	
19,05	1,875	-706	NAN	
19,1	1,8855	-709	NAN	
19,15	1,893	-712	NAN	
19,2	1,902	-714	NAN	
19,25	1,911	-717	NAN	
19,3	1,917	-719	NAN	
19,35	1,917	-720,5	NAN	
19,4	1,914	-720,5	NAN	
19,45	1,9155	-721	NAN	
19,5	1,914	-721,5	NAN	
19,55	1,9155	-721,5	NAN	
19,6	1,914	-722	NAN	
19,65	1,9155	-722	NAN	
19,7	1,9215	-722,5	NAN	
19,75	1,9335	-724	NAN	
19,8	1,9425	-726,5	NAN	
19,85	1,947	-728	NAN	
19,9	1,95	-729,5	NAN	
19,95	1,9515	-730,5	NAN	
20	1,9545	-731	NAN	
20,05	1,956	-732	NAN	
20,1	1,956	-732	NAN	
20,15	1,956	-732,5	NAN	
20,2	1,959	-733	NAN	
20,25	1,9605	-733	NAN	
20,3	1,959	-733,5	NAN	
20,35	1,959	-734	NAN	
20,4	1,9605	-734	NAN	
20,45	1,9605	-734	NAN	
20,5	1,9605	-734	NAN	
20,55	1,9605	-734	NAN	
20,6	1,9605	-734,5	NAN	
20,65	1,962	-734	NAN	
20,7	1,9605	-734	NAN	
20,75	1,962	-734	NAN	
20,8	1,962	-734	NAN	
20,85	1,9605	-734,5	NAN	
20,9	1,9605	-734,5	NAN	
20,95	1,9605	-734,5	NAN	
21	1,962	-734,5	NAN	
21,05	1,962	-734,5	NAN	
21,1	1,962	-734,5	NAN	
21,15	1,962	-734,5	NAN	
21,2	1,962	-734,5	NAN	
21,25	1,962	-734,5	NAN	
21,3	1,9605	-734,5	NAN	
21,35	1,962	-734,5	NAN	
21,4	1,962	-734,5	NAN	
21,45	1,962	-734,5	NAN	
21,5	1,962	-734,5	NAN	
21,55	1,962	-734,5	NAN	
21,6	1,962	-734,5	NAN	
21,65	1,962	-734,5	NAN	
21,7	1,962	-734,5	NAN	
21,75	1,962	-734,5	NAN	
21,8	1,9605	-734,5	NAN	
21,85	1,962	-735	NAN	
21,9	1,962	-734,5	NAN	
21,95	1,962	-734,5	NAN	
22	1,962	-734,5	NAN	
22,05	1,9605	-734,5	NAN	
22,1	1,962	-734,5	NAN	
22,15	1,9605	-734,5	NAN	
22,2	1,962	-734,5	NAN	
22,25	1,962	-734,5	NAN	
22,3	1,962	-735	NAN	
22,35	1,9605	-734,5	NAN	
22,4	1,9665	-735	NAN	
22,45	1,98	-737	NAN	
22,5	1,998	-740	NAN	
22,55	2,0205	-745	NAN	
22,6	2,0535	-751	NAN	
22,65	2,088	-758,5	NAN	
22,7	2,1225	-767	NAN	
22,75	2,16	-775	NAN	
22,8	2,1915	-784	NAN	
22,85	2,22	-791,5	NAN	
22,9	2,253	-799	NAN	
22,95	2,286	-807	NAN	
23	2,316	-814,5	NAN	
23,05	2,34	-821,5	NAN	
23,1	2,3535	-826,5	NAN	
23,15	2,364	-830,5	NAN	
23,2	2,373	-833,5	NAN	
23,25	2,3775	-835,5	NAN	
23,3	2,3835	-837,5	NAN	
23,35	2,3865	-839	NAN	
23,4	2,391	-840	NAN	
23,45	2,3925	-841	NAN	
23,5	2,394	-841,5	NAN	
23,55	2,394	-842	NAN	
23,6	2,3955	-842,5	NAN	
23,65	2,3955	-842,5	NAN	
23,7	2,397	-842,5	NAN	
23,75	2,3985	-843	NAN	
23,8	2,397	-843,5	NAN	
23,85	2,3985	-843	NAN	
23,9	2,3985	-843,5	NAN	
23,95	2,3985	-843,5	NAN	
24	2,4	-843,5	NAN	
24,05	2,4	-843,5	NAN	
24,1	2,4	-843,5	NAN	
24,15	2,4	-844	NAN	
24,2	2,4	-843,5	NAN	
24,25	2,4	-844	NAN	
24,3	2,4015	-844	NAN	
24,35	2,4015	-843,5	NAN	
24,4	2,4015	-843,5	NAN	
24,45	2,4015	-844,5	NAN	
24,5	2,4015	-844	NAN	
24,55	2,403	-844	NAN	
24,6	2,4015	-844,5	NAN	
24,65	2,4015	-844	NAN	
24,7	2,403	-844,5	NAN	
24,75	2,403	-844	NAN	
24,8	2,403	-844	NAN	
24,85	2,4015	-844	NAN	
24,9	2,4015	-844,5	NAN	
24,95	2,4015	-844,5	NAN	
25	2,4015	-844,5	NAN	
25,05	2,403	-844	NAN	
25,1	2,403	-844,5	NAN	
25,15	2,4015	-844	NAN	
25,2	2,403	-844,5	NAN	
25,25	2,409	-845	NAN	
25,3	2,421	-846,5	NAN	
25,35	2,433	-849	NAN	
25,4	2,4495	-851,5	NAN	
25,45	2,4705	-855	NAN	
25,5	2,4915	-859,5	NAN	
25,55	2,508	-863	NAN	
25,6	2,5245	-866,5	NAN	
25,65	2,5395	-870	NAN	
25,7	2,556	-873,5	NAN	
25,75	2,571	-876,5	NAN	
25,8	2,583	-880	NAN	
25,85	2,5935	-882	NAN	
25,9	2,6055	-884,5	NAN	
25,95	2,613	-886,5	NAN	
26	2,622	-888,5	NAN	
26,05	2,6295	-890	NAN	
26,1	2,637	-892	NAN	
26,15	2,643	-893,5	NAN	
26,2	2,649	-894,5	NAN	
26,25	2,6535	-895,5	NAN	
26,3	2,658	-897	NAN	
26,35	2,6625	-897,5	NAN	
26,4	2,664	-898	NAN	
26,45	2,667	-899	NAN	
26,5	2,6715	-899	NAN	
26,55	2,6775	-900	NAN	
26,6	2,6835	-901	NAN	
26,65	2,688	-902	NAN	
26,7	2,694	-903,5	NAN	
26,75	2,7015	-904,5	NAN	
26,8	2,706	-905,5	NAN	
26,85	2,7165	-907	NAN	
26,9	2,7405	-910	NAN	
26,95	2,7495	-912,5	NAN	
27	2,7555	-914,5	NAN	
27,05	2,76	-915,5	NAN	
27,1	2,7615	-916,5	NAN	
27,15	2,7615	-916,5	NAN	
27,2	2,751	-916,5	NAN	
27,25	2,73	-915	NAN	
27,3	2,715	-913,5	NAN	
27,35	2,697	-912	NAN	
27,4	2,6775	-910,5	NAN	
27,45	2,661	-909	NAN	
27,5	2,6415	-907	NAN	
27,55	2,6205	-905	NAN	
27,6	2,6025	-902,5	NAN	
27,65	2,583	-900,5	NAN	
27,7	2,568	-899	NAN	
27,75	2,556	-897	NAN	
27,8	2,5485	-896	NAN	
27,85	2,5425	-895,5	NAN	
27,9	2,538	-894,5	NAN	
27,95	2,5335	-894	NAN	
28	2,529	-893,5	NAN	
28,05	2,5245	-893	NAN	
28,1	2,517	-892	NAN	
28,15	2,5095	-891	NAN	
28,2	2,5065	-890,5	NAN	
28,25	2,502	-890	NAN	
28,3	2,499	-889,5	NAN	
28,35	2,4975	-889	NAN	
28,4	2,493	-888,5	NAN	
28,45	2,4885	-888	NAN	
28,5	2,484	-887	NAN	
28,55	2,475	-886,5	NAN	
28,6	2,4705	-886	NAN	
28,65	2,463	-884,5	NAN	
28,7	2,4555	-884	NAN	
28,75	2,4495	-883	NAN	
28,8	2,439	-882	NAN	
28,85	2,43	-880	NAN	
28,9	2,424	-879	NAN	
28,95	2,4165	-878	NAN	
29	2,406	-877	NAN	
29,05	2,3955	-875,5	NAN	
29,1	2,3865	-874	NAN	
29,15	2,373	-872	NAN	
29,2	2,3655	-871	NAN	
29,25	2,3565	-869,5	NAN	
29,3	2,346	-868	NAN	
29,35	2,3385	-867	NAN	
29,4	2,325	-865	NAN	
29,45	2,316	-863	NAN	
29,5	2,307	-861,5	NAN	
29,55	2,2965	-860	NAN	
29,6	2,292	-859	NAN	
29,65	2,283	-857,5	NAN	
29,7	2,2755	-856	NAN	
29,75	2,2605	-854,5	NAN	
29,8	2,2485	-852	NAN	
29,85	2,2395	-850	NAN	
29,9	2,229	-848,5	NAN	
29,95	2,22	-846,5	NAN	
30	2,214	-845	NAN	
30,05	2,2095	-844	NAN	
30,1	2,202	-842,5	NAN	
30,15	2,1975	-841,5	NAN	
30,2	2,1915	-840,5	NAN	
30,25	2,1855	-839	NAN	
30,3	2,1735	-837,5	NAN	
30,35	2,166	-836,5	NAN	
30,4	2,157	-834,5	NAN	
30,45	2,1495	-833	NAN	
30,5	2,139	-831	NAN	
30,55	2,1285	-829,5	NAN	
30,6	2,118	-827	NAN	
30,65	2,1075	-825	NAN	
30,7	2,097	-823	NAN	
30,75	2,0865	-821	NAN	
30,8	2,076	-818,5	NAN	
30,85	2,064	-816	NAN	
30,9	2,0565	-814,5	NAN	
30,95	2,046	-812	NAN	
31	2,0325	-809,5	NAN	
31,05	2,0205	-807,5	NAN	
31,1	2,013	-805	NAN	
31,15	2,007	-803	NAN	
31,2	1,9995	-801	NAN	
31,25	1,995	-800	NAN	
31,3	1,9905	-798,5	NAN	
31,35	1,986	-797,5	NAN	
31,4	1,983	-796,5	NAN	
31,45	1,983	-796	NAN	
31,5	1,98	-795	NAN	
31,55	1,9725	-794	NAN	
31,6	1,9665	-793	NAN	
31,65	1,959	-792	NAN	
31,7	1,9485	-790	NAN	
31,75	1,941	-788,5	NAN	
31,8	1,9305	-786	NAN	
31,85	1,9185	-784	NAN	
31,9	1,908	-781	NAN	
31,95	1,8975	-778,5	NAN	
32	1,887	-776	NAN	
32,05	1,8795	-773,5	NAN	
32,1	1,872	-772	NAN	
32,15	1,863	-770	NAN	
32,2	1,8555	-767,5	NAN	
32,25	1,851	-766	NAN	
32,3	1,848	-765	NAN	
32,35	1,845	-764	NAN	
32,4	1,8405	-763	NAN	
32,45	1,8375	-761,5	NAN	
32,5	1,8345	-761	NAN	
32,55	1,833	-760,5	NAN	
32,6	1,83	-760	NAN	
32,65	1,827	-759	NAN	
32,7	1,8225	-758	NAN	
32,75	1,815	-756,5	NAN	
32,8	1,803	-754,5	NAN	
32,85	1,791	-752	NAN	
32,9	1,779	-749,5	NAN	
32,95	1,767	-746,5	NAN	
33	1,7565	-743,5	NAN	
33,05	1,749	-741	NAN	
33,1	1,74	-738,5	NAN	
33,15	1,731	-736	NAN	
33,2	1,7205	-733,5	NAN	
33,25	1,7115	-731	NAN	
33,3	1,704	-729	NAN	
33,35	1,6965	-726,5	NAN	
33,4	1,6875	-724,5	NAN	
33,45	1,6785	-722	NAN	
33,5	1,668	-719,5	NAN	
33,55	1,6575	-717	NAN	
33,6	1,644	-713,5	NAN	
33,65	1,6305	-710,5	NAN	
33,7	1,6155	-706,5	NAN	
33,75	1,6035	-703	NAN	
33,8	1,5915	-700	NAN	
33,85	1,581	-696,5	NAN	
33,9	1,575	-693,5	NAN	
33,95	1,566	-691,5	NAN	
34	1,5615	-689	NAN	
34,05	1,554	-687	NAN	
34,1	1,548	-685	NAN	
34,15	1,542	-683,5	NAN	
34,2	1,5375	-682	NAN	
34,25	1,533	-680,5	NAN	
34,3	1,527	-679	NAN	
34,35	1,5225	-677,5	NAN	
34,4	1,521	-676,5	NAN	
34,45	1,5165	-675,5	NAN	
34,5	1,5135	-674	NAN	
34,55	1,512	-673,5	NAN	
34,6	1,509	-672,5	NAN	
34,65	1,5015	-671,5	NAN	
34,7	1,494	-669	NAN	
34,75	1,4865	-667,5	NAN	
34,8	1,4835	-665,5	NAN	
34,85	1,4805	-665	NAN	
34,9	1,4775	-663,5	NAN	
34,95	1,4775	-663	NAN	
35	1,4775	-662,5	NAN	
35,05	1,476	-662,5	NAN	
35,1	1,476	-662	NAN	
35,15	1,4745	-661,5	NAN	
35,2	1,473	-661	NAN	
35,25	1,473	-661	NAN	
35,3	1,4715	-661	NAN	
35,35	1,473	-661	NAN	
35,4	1,4715	-660,5	NAN	
35,45	1,4535	-658	NAN	
35,5	1,4325	-654,5	NAN	
35,55	1,4145	-649,5	NAN	
35,6	1,404	-645	NAN	
35,65	1,389	-642	NAN	
35,7	1,3845	-638	NAN	
35,75	1,3515	-633	NAN	
35,8	1,2675	-616	NAN	
35,85	1,2285	-601,5	NAN	
35,9	1,2	-591,5	NAN	
35,95	1,1595	-578,5	NAN	
36	1,1535	-571	NAN	
36,05	1,155	-567	NAN	
36,1	1,155	-565	NAN	
36,15	1,1565	-563,5	NAN	
36,2	1,146	-561,5	NAN	
36,25	1,1355	-559,5	NAN	
36,3	1,0995	-552,5	NAN	
36,35	1,08	-544,5	NAN	
36,4	1,074	-540,5	NAN	
36,45	1,0635	-537	NAN	
36,5	1,047	-532	NAN	
36,55	1,032	-527	NAN	
36,6	1,0125	-520,5	NAN	
36,65	1,0095	-517,5	NAN	
36,7	0,9915	-513	NAN	
36,75	0,9705	-507	NAN	
36,8	0,927	-496,5	NAN	
36,85	0,9075	-486,5	NAN	
36,9	0,864	-475,5	NAN	
36,95	0,819	-459	NAN	
37	0,798	-449,5	NAN	
37,05	0,768	-437,5	NAN	
37,1	0,7425	-428	NAN	
37,15	0,711	-416,5	NAN	
37,2	0,672	-401,5	NAN	
37,25	0,6405	-388,5	NAN	
37,3	0,6225	-379	NAN	
37,35	0,603	-370	NAN	
37,4	0,594	-364	NAN	
37,45	0,5865	-358	NAN	
37,5	0,585	-355,5	NAN	
37,55	0,585	-354	NAN	
37,6	0,582	-352,5	NAN	
37,65	0,5745	-350	NAN	
37,7	0,5655	-347,5	NAN	
37,75	0,5505	-343	NAN	
37,8	0,525	-335	NAN	
37,85	0,4965	-323	NAN	
37,9	0,4755	-313	NAN	
37,95	0,462	-306	NAN	
38	0,438	-296,5	NAN	
38,05	0,408	-284	NAN	
38,1	0,3885	-274	NAN	
38,15	0,366	-263,5	NAN	
38,2	0,3465	-254,5	NAN	
38,25	0,3285	-245,5	NAN	
38,3	0,2985	-233,5	NAN	
38,35	0,2835	-223,5	NAN	
38,4	0,27	-216,5	NAN	
38,45	0,258	-209,5	NAN	
38,5	0,252	-204	NAN	
38,55	0,2445	-200	NAN	
38,6	0,24	-197	NAN	
38,65	0,234	-194	NAN	
38,7	0,2265	-190,5	NAN	
38,75	0,219	-187	NAN	
38,8	0,216	-183,5	NAN	
38,85	0,213	-181,5	NAN	
38,9	0,2115	-180	NAN	
38,95	0,2085	-178,5	NAN	
39	0,2085	-177,5	NAN	
39,05	0,207	-176	NAN	
39,1	0,2025	-175,5	NAN	
39,15	0,1935	-173	NAN	
39,2	0,186	-170	NAN	
39,25	0,171	-165	NAN	
39,3	0,156	-158	NAN	
39,35	0,147	-153	NAN	
39,4	0,1395	-148	NAN	
39,45	0,1305	-143,5	NAN	
39,5	0,1275	-140,5	NAN	
39,55	0,12	-137,5	NAN	
39,6	0,1185	-135,5	NAN	
39,65	0,1155	-133,5	NAN	
39,7	0,111	-131,5	NAN	
39,75	0,111	-130	NAN	
39,8	0,1095	-129	NAN	
39,85	0,108	-128	NAN	
39,9	0,102	-126,5	NAN	
39,95	0,0975	-125	NAN	
40	0,084	-120,5	NAN	
40,05	0,075	-115,5	NAN	
40,1	0,063	-110	NAN	
40,15	0,0585	-106,5	NAN	
40,2	0,054	-104,5	NAN	
40,25	0,0525	-102,5	NAN	
40,3	0,0525	-101	NAN	
40,35	0,051	-100	NAN	
40,4	0,0495	-99	NAN	
40,45	0,0465	-98	NAN	
40,5	0,0435	-96,5	NAN	
40,55	0,0405	-95	NAN	
40,6	0,036	-93,5	NAN	
40,65	0,033	-92	NAN	
40,7	0,03	-91	NAN	
40,75	0,027	-89	NAN	
40,8	0,021	-87	NAN	
40,85	0,015	-84	NAN	
40,9	0,006	-81	NAN	
40,95	0,0015	-78	NAN	
41	0	-76	NAN	
41,05	0	-75	NAN	
41,1	0	-74	NAN	
41,15	0	-74	NAN	
41,2	0	-73,5	NAN	
41,25	0	-73	NAN	
41,3	0	-73	NAN	
41,35	0	-72,5	NAN	
41,4	0	-72,5	NAN	
41,45	0,0015	-72,5	NAN	
41,5	0	-72,5	NAN	
41,55	0	-72,5	NAN	
41,6	0	-72	NAN	
41,65	0	-72	NAN	
41,7	0,0015	-72	NAN	
41,75	0	-72	NAN	
41,8	0	-72	NAN	
41,85	0	-72	NAN	
41,9	0	-72	NAN	
41,95	-0,0015	-72	NAN	
42	0	-72	NAN	
42,05	0	-72	NAN	
42,1	0	-71,5	NAN	
42,15	0,0015	-71,5	NAN	
42,2	0	-72	NAN	
42,25	0	-71,5	NAN	
42,3	0	-72	NAN	
42,35	0	-72	NAN	
42,4	0	-72	NAN	
42,45	0	-72	NAN	
42,5	0	-71,5	NAN	
42,55	-0,0015	-72	NAN	
42,6	-0,0015	-72	NAN	
42,65	0,0015	-72	NAN	
42,7	0	-72	NAN	
42,75	0	-71,5	NAN	
42,8	0	-71,5	NAN	
42,85	0	-72	NAN	
42,9	0	-71,5	NAN	
42,95	0	-71,5	NAN	
43	0	-72	NAN	
43,05	-0,0015	-72	NAN	
43,1	0	-72	NAN	
43,15	0	-72	NAN	
43,2	0	-72	NAN	
43,25	0	-72	NAN	
43,3	0	-72	NAN	
43,35	0	-72	NAN	
43,4	0,0015	-72	NAN	
43,45	0	-71,5	NAN	
43,5	0	-72	NAN	
43,55	0	-72	NAN	
43,6	0	-71,5	NAN	
43,65	0	-72	NAN	
43,7	0	-71,5	NAN	
43,75	0	-71,5	NAN	
43,8	0	-71,5	NAN	
43,85	0	-71,5	NAN	
43,9	0	-72	NAN	
43,95	0	-72	NAN	
44	0	-71,5	NAN	
44,05	0	-71,5	NAN	
44,1	0	-71,5	NAN	
44,15	0	-72	NAN	
44,2	0	-72	NAN	
44,25	0	-71,5	NAN	
44,3	0	-72	NAN	
44,35	0	-72	NAN	
44,4	0	-71,5	NAN	
44,45	0	-71,5	NAN	
44,5	0	-71,5	NAN	
44,55	0	-71,5	NAN	
44,6	0	-71,5	NAN	
44,65	-0,0015	-72	NAN	
44,7	-0,0015	-72	NAN	
44,75	0	-71,5	NAN	
44,8	0	-71,5	NAN	
44,85	0	-72	NAN	
44,9	0	-71,5	NAN	
44,95	0,0015	-71,5	NAN	
45	0	-72	NAN	
45,05	0	-72	NAN	
45,1	0	-72	NAN	
45,15	0	-71,5	NAN	
45,2	0	-72	NAN	
45,25	0	-71,5	NAN	
45,3	0	-71,5	NAN	
45,35	0	-71,5	NAN	
45,4	-0,0015	-71,5	NAN	
45,45	0	-71,5	NAN	
45,5	-0,0015	-71,5	NAN	
45,55	0,0015	-71,5	NAN	
45,6	0	-71,5	NAN	
45,65	0,0015	-72	NAN	
45,7	-0,0015	-71,5	NAN	
45,75	-0,0015	-72	NAN	
45,8	0	-72	NAN	
45,85	-0,0015	-72	NAN	
45,9	0	-72	NAN	
45,95	0	-71,5	NAN	
46	0	-72	NAN	
46,05	0	-71,5	NAN	
46,1	0	-71,5	NAN	
46,15	0	-71,5	NAN	
46,2	0	-71,5	NAN	
46,25	0,0015	-72	NAN	
46,3	0	-72	NAN	
46,35	0	-72	NAN	
46,4	0	-71,5	NAN	
46,45	0	-71,5	NAN	
46,5	-0,0015	-71,5	NAN	
46,55	0	-71,5	NAN	
46,6	0	-71,5	NAN	
46,65	0	-72	NAN	
46,7	0,0015	-72	NAN	
46,75	0	-71,5	NAN	
46,8	-0,0015	-71,5	NAN	
46,85	0	-71,5	NAN	
46,9	0	-71,5	NAN	
46,95	0	-71,5	NAN	
47	0	-71,5	NAN	
47,05	0	-72	NAN	
47,1	-0,0015	-71,5	NAN	
47,15	0,0015	-72	NAN	
47,2	0	-71,5	NAN	
47,25	0	-71,5	NAN	
47,3	-0,0015	-71,5	NAN	
47,35	0	-71,5	NAN	
47,4	0	-71,5	NAN	
47,45	0	-71,5	NAN	
47,5	0	-71,5	NAN	
47,55	0	-71,5	NAN	
47,6	0	-71,5	NAN	
47,65	0	-71,5	NAN	
47,7	0	-71,5	NAN	
47,75	0	-71,5	NAN	
47,8	0	-71,5	NAN	
47,85	0	-71,5	NAN	
47,9	0	-71,5	NAN	
47,95	0	-72	NAN	
48	0	-71,5	NAN	
48,05	0	-71,5	NAN	
48,1	0	-72	NAN	
48,15	0	-71,5	NAN	
48,2	0	-71,5	NAN	
48,25	0	-71,5	NAN	
48,3	0	-71,5	NAN	
48,35	0	-71,5	NAN	
48,4	0	-71,5	NAN	
48,45	0	-71,5	NAN	
48,5	0	-72	NAN	
48,55	-0,0015	-71,5	NAN	
48,6	-0,0015	-71,5	NAN	
48,65	0	-71,5	NAN	
48,7	0	-71,5	NAN	
48,75	0	-71,5	NAN	
48,8	-0,0015	-71,5	NAN	
48,85	-0,0255	-66,5	NAN	
48,9	-0,033	-61,5	NAN	
48,95	-0,0435	-57,5	NAN	
49	-0,0645	-50,5	NAN	
49,05	-0,081	-42	NAN	
49,1	-0,1005	-33,5	NAN	
49,15	-0,1185	-25	NAN	
49,2	-0,1305	-18,5	NAN	
49,25	-0,141	-12	NAN	
49,3	-0,1545	-6	NAN	
49,35	-0,1635	-1	NAN	
49,4	-0,171	3	NAN	
49,45	-0,174	7	NAN	
49,5	-0,1785	9	NAN	
49,55	-0,1815	11,5	NAN	
49,6	-0,183	13	NAN	
49,65	-0,1875	15	NAN	
49,7	-0,192	17	NAN	
49,75	-0,1965	19	NAN	
49,8	-0,201	21,5	NAN	
49,85	-0,2055	24	NAN	
49,9	-0,21	26	NAN	
49,95	-0,2145	28	NAN	
50	-0,2175	30	NAN	
50,05	-0,2205	31,5	NAN	
50,1	-0,2265	34	NAN	
50,15	-0,2265	35	NAN	
50,2	-0,2325	37	NAN	
50,25	-0,2355	39	NAN	
50,3	-0,24	41	NAN	
50,35	-0,2445	43,5	NAN	
50,4	-0,2535	46	NAN	
50,45	-0,258	48,5	NAN	
50,5	-0,267	52,5	NAN	
50,55	-0,2715	55,5	NAN	
50,6	-0,2775	58	NAN	
50,65	-0,2835	60,5	NAN	
50,7	-0,2865	63	NAN	
50,75	-0,288	65	NAN	
50,8	-0,2925	66,5	NAN	
50,85	-0,3	69	NAN	
50,9	-0,3105	73	NAN	
50,95	-0,321	77,5	NAN	
51	-0,33	81,5	NAN	
51,05	-0,333	84,5	NAN	
51,1	-0,336	86,5	NAN	
51,15	-0,3405	89	NAN	
51,2	-0,3465	91	NAN	
51,25	-0,3465	93	NAN	
51,3	-0,354	95	NAN	
51,35	-0,3585	97,5	NAN	
51,4	-0,366	100	NAN	
51,45	-0,3705	103	NAN	
51,5	-0,378	106,5	NAN	
51,55	-0,387	109,5	NAN	
51,6	-0,396	113,5	NAN	
51,65	-0,4005	117	NAN	
51,7	-0,4065	119,5	NAN	
51,75	-0,414	122,5	NAN	
51,8	-0,42	126	NAN	
51,85	-0,4245	128,5	NAN	
51,9	-0,4305	131	NAN	
51,95	-0,441	135	NAN	
52	-0,4485	138,5	NAN	
52,05	-0,453	141	NAN	
52,1	-0,456	143,5	NAN	
52,15	-0,4605	145,5	NAN	
52,2	-0,465	148	NAN	
52,25	-0,471	150,5	NAN	
52,3	-0,4755	152,5	NAN	
52,35	-0,48	154,5	NAN	
52,4	-0,486	157	NAN	
52,45	-0,492	160	NAN	
52,5	-0,501	164	NAN	
52,55	-0,507	166,5	NAN	
52,6	-0,522	171,5	NAN	
52,65	-0,531	176	NAN	
52,7	-0,54	180,5	NAN	
52,75	-0,552	185	NAN	
52,8	-0,564	190	NAN	
52,85	-0,57	194	NAN	
52,9	-0,579	198,5	NAN	
52,95	-0,585	201,5	NAN	
53	-0,591	204,5	NAN	
53,05	-0,6015	208,5	NAN	
53,1	-0,609	212,5	NAN	
53,15	-0,618	216,5	NAN	
53,2	-0,627	220,5	NAN	
53,25	-0,6375	224,5	NAN	
53,3	-0,645	229	NAN	
53,35	-0,6525	232	NAN	
53,4	-0,657	235	NAN	
53,45	-0,669	239	NAN	
53,5	-0,678	243	NAN	
53,55	-0,681	246	NAN	
53,6	-0,6885	249	NAN	
53,65	-0,6945	252	NAN	
53,7	-0,699	255	NAN	
53,75	-0,705	257,5	NAN	
53,8	-0,711	260	NAN	
53,85	-0,72	264	NAN	
53,9	-0,7335	269	NAN	
53,95	-0,741	272,5	NAN	
54	-0,7605	278,5	NAN	
54,05	-0,7695	283,5	NAN	
54,1	-0,774	287	NAN	
54,15	-0,7815	290,5	NAN	
54,2	-0,7905	294	NAN	
54,25	-0,8055	299	NAN	
54,3	-0,8145	304	NAN	
54,35	-0,819	307,5	NAN	
54,4	-0,825	310,5	NAN	
54,45	-0,8325	313,5	NAN	
54,5	-0,84	316,5	NAN	
54,55	-0,852	320	NAN	
54,6	-0,8715	326,5	NAN	
54,65	-0,8805	331,5	NAN	
54,7	-0,8865	335	NAN	
54,75	-0,8955	339	NAN	
54,8	-0,906	344	NAN	
54,85	-0,912	347	NAN	
54,9	-0,918	350	NAN	
54,95	-0,9225	353	NAN	
55	-0,933	356	NAN	
55,05	-0,9405	359,5	NAN	
55,1	-0,951	363,5	NAN	
55,15	-0,96	367	NAN	
55,2	-0,9675	371	NAN	
55,25	-0,978	375	NAN	
55,3	-0,9855	378,5	NAN	
55,35	-0,9915	381	NAN	
55,4	-0,9945	383,5	NAN	
55,45	-1,0005	386	NAN	
55,5	-1,008	389	NAN	
55,55	-1,014	392	NAN	
55,6	-1,0185	394,5	NAN	
55,65	-1,026	397	NAN	
55,7	-1,035	400	NAN	
55,75	-1,0395	402,5	NAN	
55,8	-1,0455	405	NAN	
55,85	-1,05	407	NAN	
55,9	-1,0575	410	NAN	
55,95	-1,065	412,5	NAN	
56	-1,068	415	NAN	
56,05	-1,074	417,5	NAN	
56,1	-1,077	419	NAN	
56,15	-1,0815	421	NAN	
56,2	-1,086	423	NAN	
56,25	-1,089	424,5	NAN	
56,3	-1,092	426	NAN	
56,35	-1,0965	427,5	NAN	
56,4	-1,101	429,5	NAN	
56,45	-1,1055	431	NAN	
56,5	-1,116	434	NAN	
56,55	-1,119	436	NAN	
56,6	-1,125	438	NAN	
56,65	-1,1265	440	NAN	
56,7	-1,1295	441	NAN	
56,75	-1,131	442,5	NAN	
56,8	-1,131	443	NAN	
56,85	-1,131	443,5	NAN	
56,9	-1,131	444	NAN	
56,95	-1,1325	444,5	NAN	
57	-1,131	444,5	NAN	
57,05	-1,1325	444,5	NAN	
57,1	-1,131	445	NAN	
57,15	-1,137	445,5	NAN	
57,2	-1,146	447,5	NAN	
57,25	-1,152	449,5	NAN	
57,3	-1,1535	451	NAN	
57,35	-1,1625	453	NAN	
57,4	-1,1745	456,5	NAN	
57,45	-1,191	461	NAN	
57,5	-1,2015	465,5	NAN	
57,55	-1,212	469,5	NAN	
57,6	-1,224	473	NAN	
57,65	-1,2405	478,5	NAN	
57,7	-1,257	484	NAN	
57,75	-1,2735	489,5	NAN	
57,8	-1,2885	495	NAN	
57,85	-1,2945	499,5	NAN	
57,9	-1,308	503,5	NAN	
57,95	-1,3365	511	NAN	
58	-1,344	516	NAN	
58,05	-1,3605	521	NAN	
58,1	-1,377	527,5	NAN	
58,15	-1,392	532	NAN	
58,2	-1,4085	538,5	NAN	
58,25	-1,4235	543	NAN	
58,3	-1,4445	549,5	NAN	
58,35	-1,4535	554,5	NAN	
58,4	-1,461	558,5	NAN	
58,45	-1,467	561,5	NAN	
58,5	-1,4805	566	NAN	
58,55	-1,4895	569,5	NAN	
58,6	-1,5045	573,5	NAN	
58,65	-1,5135	577,5	NAN	
58,7	-1,5255	581,5	NAN	
58,75	-1,5465	586,5	NAN	
58,8	-1,56	591	NAN	
58,85	-1,578	597	NAN	
58,9	-1,5855	601,5	NAN	
58,95	-1,5915	604,5	NAN	
59	-1,605	607,5	NAN	
59,05	-1,6215	612,5	NAN	
59,1	-1,626	615,5	NAN	
59,15	-1,626	618	NAN	
59,2	-1,626	619	NAN	
59,25	-1,6245	619,5	NAN	
59,3	-1,6245	620	NAN	
59,35	-1,626	621	NAN	
59,4	-1,623	621	NAN	
59,45	-1,626	621	NAN	
59,5	-1,6395	623	NAN	
59,55	-1,6515	625,5	NAN	
59,6	-1,6725	630,5	NAN	
59,65	-1,6965	635,5	NAN	
59,7	-1,7145	641	NAN	
59,75	-1,7235	645,5	NAN	
59,8	-1,734	649	NAN	
59,85	-1,74	652	NAN	
59,9	-1,7445	654,5	NAN	
59,95	-1,749	656	NAN	
60	-1,752	658	NAN	
60,05	-1,755	659,5	NAN	
60,1	-1,7565	660,5	NAN	
60,15	-1,758	661	NAN	
60,2	-1,758	661,5	NAN	
60,25	-1,761	662,5	NAN	
60,3	-1,7625	663	NAN	
60,35	-1,7625	663,5	NAN	
60,4	-1,767	664	NAN	
60,45	-1,77	665	NAN	
60,5	-1,7775	666,5	NAN	
60,55	-1,788	668,5	NAN	
60,6	-1,8	671,5	NAN	
60,65	-1,806	674	NAN	
60,7	-1,8165	676,5	NAN	
60,75	-1,8255	679	NAN	
60,8	-1,8345	682	NAN	
60,85	-1,8435	684	NAN	
60,9	-1,848	686,5	NAN	
60,95	-1,8585	688,5	NAN	
61	-1,8675	691	NAN	
61,05	-1,8765	694	NAN	
61,1	-1,884	696,5	NAN	
61,15	-1,893	699,5	NAN	
61,2	-1,9035	702	NAN	
61,25	-1,9155	704	NAN	
61,3	-1,9275	707,5	NAN	
61,35	-1,9365	711	NAN	
61,4	-1,9455	713,5	NAN	
61,45	-1,9575	716,5	NAN	
61,5	-1,9635	719	NAN	
61,55	-1,9755	722	NAN	
61,6	-1,9845	725	NAN	
61,65	-1,9935	727,5	NAN	
61,7	-2,004	730	NAN	
61,75	-2,01	732	NAN	
61,8	-2,016	734	NAN	
61,85	-2,0205	736	NAN	
61,9	-2,028	738	NAN	
61,95	-2,0355	739,5	NAN	
62	-2,0385	741,5	NAN	
62,05	-2,0445	743	NAN	
62,1	-2,052	744,5	NAN	
62,15	-2,058	746	NAN	
62,2	-2,064	748	NAN	
62,25	-2,0685	749,5	NAN	
62,3	-2,073	751	NAN	
62,35	-2,082	753	NAN	
62,4	-2,0895	754,5	NAN	
62,45	-2,094	756	NAN	
62,5	-2,0985	757,5	NAN	
62,55	-2,103	759	NAN	
62,6	-2,109	760,5	NAN	
62,65	-2,112	762	NAN	
62,7	-2,1195	763	NAN	
62,75	-2,124	764,5	NAN	
62,8	-2,1285	765,5	NAN	
62,85	-2,1315	766,5	NAN	
62,9	-2,133	767,5	NAN	
62,95	-2,136	768,5	NAN	
63	-2,1375	769	NAN	
63,05	-2,142	770	NAN	
63,1	-2,1435	770	NAN	
63,15	-2,1465	771	NAN	
63,2	-2,1495	772	NAN	
63,25	-2,151	772,5	NAN	
63,3	-2,1555	773	NAN	
63,35	-2,154	773,5	NAN	
63,4	-2,157	774	NAN	
63,45	-2,1555	774	NAN	
63,5	-2,157	774,5	NAN	
63,55	-2,1555	774,5	NAN	
63,6	-2,157	774,5	NAN	
63,65	-2,157	775	NAN	
63,7	-2,157	775	NAN	
63,75	-2,1585	775	NAN	
63,8	-2,1585	775	NAN	
63,85	-2,157	775	NAN	
63,9	-2,157	775	NAN	
63,95	-2,157	775	NAN	
64	-2,1585	775,5	NAN	
64,05	-2,1585	775	NAN	
64,1	-2,1585	775,5	NAN	
64,15	-2,1585	775,5	NAN	
64,2	-2,1585	775,5	NAN	
64,25	-2,157	775,5	NAN	
64,3	-2,16	775,5	NAN	
64,35	-2,1585	775,5	NAN	
64,4	-2,16	775,5	NAN	
64,45	-2,166	776	NAN	
64,5	-2,1705	777	NAN	
64,55	-2,1765	778	NAN	
64,6	-2,181	779,5	NAN	
64,65	-2,19	781	NAN	
64,7	-2,1975	782,5	NAN	
64,75	-2,2065	784,5	NAN	
64,8	-2,214	786,5	NAN	
64,85	-2,223	788,5	NAN	
64,9	-2,2335	791	NAN	
64,95	-2,2455	794	NAN	
65	-2,256	796	NAN	
65,05	-2,2665	799	NAN	
65,1	-2,2755	801,5	NAN	
65,15	-2,2875	804,5	NAN	
65,2	-2,2965	806,5	NAN	
65,25	-2,3055	808,5	NAN	
65,3	-2,316	811	NAN	
65,35	-2,3265	813,5	NAN	
65,4	-2,337	816	NAN	
65,45	-2,349	818,5	NAN	
65,5	-2,358	821	NAN	
65,55	-2,367	823	NAN	
65,6	-2,3805	825,5	NAN	
65,65	-2,391	828	NAN	
65,7	-2,4	830,5	NAN	
65,75	-2,4045	832,5	NAN	
65,8	-2,412	834	NAN	
65,85	-2,418	835,5	NAN	
65,9	-2,424	837	NAN	
65,95	-2,43	839	NAN	
66	-2,4375	840,5	NAN	
66,05	-2,445	842	NAN	
66,1	-2,4525	843,5	NAN	
66,15	-2,46	845	NAN	
66,2	-2,4645	846,5	NAN	
66,25	-2,4705	848	NAN	
66,3	-2,475	849	NAN	
66,35	-2,4825	850	NAN	
66,4	-2,4885	851,5	NAN	
66,45	-2,4975	853,5	NAN	
66,5	-2,511	855,5	NAN	
66,55	-2,52	857,5	NAN	
66,6	-2,5245	859	NAN	
66,65	-2,526	860	NAN	
66,7	-2,5305	861	NAN	
66,75	-2,532	862	NAN	
66,8	-2,5335	862	NAN	
66,85	-2,5395	863	NAN	
66,9	-2,5485	864	NAN	
66,95	-2,556	866	NAN	
67	-2,562	867,5	NAN	
67,05	-2,5665	868,5	NAN	
67,1	-2,568	869,5	NAN	
67,15	-2,5605	869	NAN	
67,2	-2,5485	868,5	NAN	
67,25	-2,5245	866,5	NAN	
67,3	-2,508	865	NAN	
67,35	-2,487	863	NAN	
67,4	-2,469	861	NAN	
67,45	-2,4525	859,5	NAN	
67,5	-2,436	858	NAN	
67,55	-2,4225	855,5	NAN	
67,6	-2,412	854	NAN	
67,65	-2,4	852,5	NAN	
67,7	-2,3895	851,5	NAN	
67,75	-2,379	850	NAN	
67,8	-2,367	848,5	NAN	
67,85	-2,3595	847,5	NAN	
67,9	-2,3445	845,5	NAN	
67,95	-2,3325	844	NAN	
68	-2,3205	842	NAN	
68,05	-2,31	841	NAN	
68,1	-2,304	839,5	NAN	
68,15	-2,2965	838	NAN	
68,2	-2,292	837,5	NAN	
68,25	-2,289	837	NAN	
68,3	-2,2875	836	NAN	
68,35	-2,2845	836	NAN	
68,4	-2,2845	836	NAN	
68,45	-2,283	835,5	NAN	
68,5	-2,283	835,5	NAN	
68,55	-2,2815	835	NAN	
68,6	-2,283	835,5	NAN	
68,65	-2,2815	835,5	NAN	
68,7	-2,2815	835	NAN	
68,75	-2,283	835,5	NAN	
68,8	-2,283	835	NAN	
68,85	-2,2815	835,5	NAN	
68,9	-2,283	835,5	NAN	
68,95	-2,2845	835	NAN	
69	-2,283	835	NAN	
69,05	-2,283	835	NAN	
69,1	-2,2845	835,5	NAN	
69,15	-2,283	835	NAN	
69,2	-2,283	835,5	NAN	
69,25	-2,283	835	NAN	
69,3	-2,2815	835	NAN	
69,35	-2,283	835,5	NAN	
69,4	-2,283	835,5	NAN	
69,45	-2,283	835	NAN	
69,5	-2,283	835,5	NAN	
69,55	-2,283	835	NAN	
69,6	-2,283	835,5	NAN	
69,65	-2,283	835,5	NAN	
69,7	-2,283	835	NAN	
69,75	-2,2815	835,5	NAN	
69,8	-2,2845	835,5	NAN	
69,85	-2,2845	835,5	NAN	
69,9	-2,283	835,5	NAN	
69,95	-2,2845	835,5	NAN	
70	-2,2845	835	NAN	
70,05	-2,283	835,5	NAN	
70,1	-2,283	835	NAN	
70,15	-2,283	835,5	NAN	
70,2	-2,283	835,5	NAN	
70,25	-2,2815	835,5	NAN	
70,3	-2,283	835,5	NAN	
70,35	-2,283	835,5	NAN	
70,4	-2,283	835,5	NAN	
70,45	-2,283	835	NAN	
70,5	-2,2845	835,5	NAN	
70,55	-2,2845	835	NAN	
70,6	-2,283	835,5	NAN	
70,65	-2,2845	835,5	NAN	
70,7	-2,2815	835	NAN	
70,75	-2,2845	835,5	NAN	
70,8	-2,283	835,5	NAN	
70,85	-2,283	835,5	NAN	
70,9	-2,283	835,5	NAN	
70,95	-2,2545	833	NAN	
71	-2,2455	831	NAN	
71,05	-2,2365	829	NAN	
71,1	-2,229	828	NAN	
71,15	-2,2005	825	NAN	
71,2	-2,1765	821,5	NAN	
71,25	-2,1405	816	NAN	
71,3	-2,115	811,5	NAN	
71,35	-2,0775	805,5	NAN	
71,4	-2,046	799,5	NAN	
71,45	-2,0175	793,5	NAN	
71,5	-2,001	789	NAN	
71,55	-1,971	783,5	NAN	
71,6	-1,9605	779,5	NAN	
71,65	-1,9515	776,5	NAN	
71,7	-1,947	774,5	NAN	
71,75	-1,929	771,5	NAN	
71,8	-1,9065	768	NAN	
71,85	-1,884	763	NAN	
71,9	-1,8675	759,5	NAN	
71,95	-1,8585	756	NAN	
72	-1,854	753,5	NAN	
72,05	-1,851	752	NAN	
72,1	-1,8465	751	NAN	
72,15	-1,8375	749	NAN	
72,2	-1,8285	747	NAN	
72,25	-1,818	745	NAN	
72,3	-1,8075	742,5	NAN	
72,35	-1,7985	740	NAN	
72,4	-1,7835	737	NAN	
72,45	-1,7685	733,5	NAN	
72,5	-1,758	730,5	NAN	
72,55	-1,743	727,5	NAN	
72,6	-1,7325	724,5	NAN	
72,65	-1,725	722	NAN	
72,7	-1,71	719	NAN	
72,75	-1,6875	714,5	NAN	
72,8	-1,671	710	NAN	
72,85	-1,662	706,5	NAN	
72,9	-1,6455	702,5	NAN	
72,95	-1,626	698	NAN	
73	-1,6125	694	NAN	
73,05	-1,6035	690	NAN	
73,1	-1,596	687,5	NAN	
73,15	-1,59	685,5	NAN	
73,2	-1,5855	683,5	NAN	
73,25	-1,5825	682	NAN	
73,3	-1,5705	680	NAN	
73,35	-1,56	677,5	NAN	
73,4	-1,545	674	NAN	
73,45	-1,539	671	NAN	
73,5	-1,5255	668,5	NAN	
73,55	-1,521	666	NAN	
73,6	-1,5105	663,5	NAN	
73,65	-1,4925	660	NAN	
73,7	-1,479	656	NAN	
73,75	-1,467	652	NAN	
73,8	-1,461	649,5	NAN	
73,85	-1,4595	647	NAN	
73,9	-1,461	646,5	NAN	
73,95	-1,458	645,5	NAN	
74	-1,458	645,5	NAN	
74,05	-1,4565	645	NAN	
74,1	-1,4565	644,5	NAN	
74,15	-1,4565	644	NAN	
74,2	-1,452	643,5	NAN	
74,25	-1,4475	642,5	NAN	
74,3	-1,4415	641	NAN	
74,35	-1,437	640	NAN	
74,4	-1,4355	639	NAN	
74,45	-1,4325	638,5	NAN	
74,5	-1,4325	637,5	NAN	
74,55	-1,4325	637	NAN	
74,6	-1,428	637	NAN	
74,65	-1,422	635,5	NAN	
74,7	-1,413	633,5	NAN	
74,75	-1,401	631	NAN	
74,8	-1,3965	629	NAN	
74,85	-1,3875	626,5	NAN	
74,9	-1,38	624,5	NAN	
74,95	-1,377	622,5	NAN	
75	-1,3725	621	NAN	
75,05	-1,3635	619,5	NAN	
75,1	-1,344	615,5	NAN	
75,15	-1,332	611,5	NAN	
75,2	-1,317	607	NAN	
75,25	-1,2945	601	NAN	
75,3	-1,2855	597,5	NAN	
75,35	-1,2735	593,5	NAN	
75,4	-1,257	589	NAN	
75,45	-1,239	584	NAN	
75,5	-1,221	578	NAN	
75,55	-1,206	573	NAN	
75,6	-1,197	569,5	NAN	
75,65	-1,194	566,5	NAN	
75,7	-1,188	564,5	NAN	
75,75	-1,179	562	NAN	
75,8	-1,1745	559,5	NAN	
75,85	-1,1655	557	NAN	
75,9	-1,158	554,5	NAN	
75,95	-1,1475	551,5	NAN	
76	-1,1445	549,5	NAN	
76,05	-1,137	547	NAN	
76,1	-1,128	544,5	NAN	
76,15	-1,119	542	NAN	
76,2	-1,1115	539	NAN	
76,25	-1,095	535	NAN	
76,3	-1,0875	531,5	NAN	
76,35	-1,077	528	NAN	
76,4	-1,0665	525	NAN	
76,45	-1,0515	521	NAN	
76,5	-1,038	516	NAN	
76,55	-1,0275	512	NAN	
76,6	-1,0185	509	NAN	
76,65	-1,005	505	NAN	
76,7	-0,99	501	NAN	
76,75	-0,984	497,5	NAN	
76,8	-0,9735	493,5	NAN	
76,85	-0,954	488	NAN	
76,9	-0,9255	480	NAN	
76,95	-0,912	473,5	NAN	
77	-0,894	468	NAN	
77,05	-0,87	460,5	NAN	
77,1	-0,837	450	NAN	
77,15	-0,8205	443	NAN	
77,2	-0,798	434,5	NAN	
77,25	-0,792	428,5	NAN	
77,3	-0,7965	426,5	NAN	
77,35	-0,7965	425,5	NAN	
77,4	-0,7965	424	NAN	
77,45	-0,795	423,5	NAN	
77,5	-0,795	423	NAN	
77,55	-0,7965	422,5	NAN	
77,6	-0,7965	422	NAN	
77,65	-0,792	422	NAN	
77,7	-0,7755	420	NAN	
77,75	-0,7365	412	NAN	
77,8	-0,684	395	NAN	
77,85	-0,6465	380	NAN	
77,9	-0,615	366	NAN	
77,95	-0,594	355,5	NAN	
78	-0,5625	343,5	NAN	
78,05	-0,534	331	NAN	
78,1	-0,495	316	NAN	
78,15	-0,465	301	NAN	
78,2	-0,4245	285,5	NAN	
78,25	-0,39	269	NAN	
78,3	-0,348	250,5	NAN	
78,35	-0,3045	231	NAN	
78,4	-0,276	213,5	NAN	
78,45	-0,2505	201,5	NAN	
78,5	-0,1995	183	NAN	
78,55	-0,144	156,5	NAN	
78,6	-0,102	136	NAN	
78,65	-0,072	118,5	NAN	
78,7	-0,042	102,5	NAN	
78,75	-0,015	88,5	NAN	
78,8	0	76,5	NAN	
78,85	0,0015	70	NAN	
78,9	0	66	NAN	
78,95	-0,0015	63,5	NAN	
79	0,0015	61,5	NAN	
79,05	0	60,5	NAN	
79,1	0	59	NAN	
79,15	0	58,5	NAN	
79,2	0	58	NAN	
79,25	0	57,5	NAN	
79,3	0	57	NAN	
79,35	0	57	NAN	
79,4	0,0015	56,5	NAN	
79,45	0	56,5	NAN	
79,5	-0,0015	56	NAN	
79,55	0	56	NAN	
79,6	0	55,5	NAN	
79,65	0	56	NAN	
79,7	0	55,5	NAN	
79,75	0,0015	55,5	NAN	
79,8	-0,0015	55,5	NAN	
79,85	0	55,5	NAN	
79,9	0	55,5	NAN	
79,95	0	55,5	NAN	
80	0	55,5	NAN	
80,05	0	55,5	NAN	
80,1	0,0015	55,5	NAN	
80,15	0	55,5	NAN	
80,2	0	55,5	NAN	
80,25	0	55	NAN	
80,3	0	55,5	NAN	
80,35	0	55,5	NAN	
80,4	0	55	NAN	
80,45	-0,0015	55,5	NAN	
80,5	0	55	NAN	
80,55	0	55	NAN	
80,6	0	55	NAN	
80,65	0	55	NAN	
80,7	-0,0015	55	NAN	
80,75	0	55,5	NAN	
80,8	0	55	NAN	
80,85	0	55	NAN	
80,9	0	55	NAN	
80,95	0	55	NAN	
81	0	55	NAN	
81,05	0	55,5	NAN	
81,1	0	55	NAN	
81,15	0	55,5	NAN	
81,2	0	55	NAN	
81,25	0	55	NAN	
81,3	0	55	NAN	
81,35	0	55	NAN	
81,4	0	55	NAN	
81,45	0	55,5	NAN	
81,5	0	55	NAN	
81,55	0	55	NAN	
81,6	0	55	NAN	
81,65	0	55	NAN	
81,7	0	55	NAN	
81,75	0	55	NAN	
81,8	0	55	NAN	
81,85	0	55	NAN	
81,9	0	55	NAN	
81,95	-0,0015	55,5	NAN	
82	0	55	NAN	
82,05	0	55,5	NAN	
82,1	0	55	NAN	
82,15	0	55	NAN	
82,2	0,0015	55	NAN	
82,25	0	55	NAN	
82,3	0	55	NAN	
82,35	0	55,5	NAN	
82,4	0	55	NAN	
82,45	0	55	NAN	
82,5	-0,0015	55	NAN	
82,55	0	55	NAN	
82,6	0	55	NAN	
82,65	-0,0015	55,5	NAN	
82,7	-0,0015	55,5	NAN	
82,75	-0,0015	55	NAN	
82,8	0	55	NAN	
82,85	0	55	NAN	
82,9	0,0015	55	NAN	
82,95	-0,0015	55,5	NAN	
83	0	55	NAN	
83,05	0	55	NAN	
83,1	0	55	NAN	
83,15	0	55	NAN	
83,2	0	55	NAN	
83,25	0,0015	55	NAN	
83,3	0	55	NAN	
83,35	0	55	NAN	
83,4	0	55	NAN	
83,45	-0,0015	55	NAN	
83,5	0	55	NAN	
83,55	0	55	NAN	
83,6	0	55,5	NAN	
83,65	-0,0015	55,5	NAN	
83,7	0	55	NAN	
83,75	0	55	NAN	
83,8	-0,0015	55	NAN	
83,85	0	55	NAN	
83,9	0	55	NAN	
83,95	-0,0015	55	NAN	
84	0	55,5	NAN	
84,05	0	55	NAN	
84,1	0,0015	55	NAN	
84,15	0	55	NAN	
84,2	0	55	NAN	
84,25	0	55	NAN	
84,3	0	55	NAN	
84,35	0	55	NAN	
84,4	0	55	NAN	
84,45	-0,0015	55	NAN	
84,5	0	55	NAN	
84,55	0	55	NAN	
84,6	0	55,5	NAN	
84,65	0	55	NAN	
84,7	0	55	NAN	
84,75	0	55	NAN	
84,8	0	55	NAN	
84,85	0	55	NAN	
84,9	0	55,5	NAN	
84,95	0	55	NAN	
85	0	55	NAN	
85,05	0	55	NAN	
85,1	0	55,5	NAN	
85,15	0	55	NAN	
85,2	0	55	NAN	
85,25	0	55	NAN	
85,3	0	55	NAN	
85,35	0	55	NAN	
85,4	-0,0015	55	NAN	
85,45	0	55	NAN	
85,5	0	55	NAN	
85,55	0	55	NAN	
85,6	0	55	NAN	
85,65	0	55	NAN	
85,7	0	55,5	NAN	
85,75	0	55	NAN	
85,8	0	55	NAN	
85,85	0	55	NAN	
85,9	0	55	NAN	
85,95	0	55,5	NAN	
86	0	55	NAN	
86,05	0	55,5	NAN	
86,1	0	55	NAN	
86,15	0	55	NAN	
86,2	0	55	NAN	
86,25	-0,0015	55	NAN	
86,3	0	55	NAN	
86,35	0	55	NAN	
86,4	0	55	NAN	
86,45	0	55	NAN	
86,5	0	55	NAN	
86,55	-0,0015	55	NAN	
86,6	0	55	NAN	
86,65	0	55	NAN	
86,7	-0,0015	55	NAN	
86,75	0	55	NAN	
86,8	-0,0015	55	NAN	
86,85	-0,0015	55	NAN	
86,9	0	55	NAN	
86,95	0	55,5	NAN	
87	0	55,5	NAN	
87,05	0	55	NAN	
87,1	0	55	NAN	
87,15	0	55	NAN	
87,2	0,0015	55	NAN	
87,25	0	55	NAN	
87,3	0	55,5	NAN	
87,35	-0,0015	55	NAN	
87,4	0,0015	55	NAN	
87,45	0,024	53,5	NAN	
87,5	0,0525	46,5	NAN	
87,55	0,0915	33,5	NAN	
87,6	0,114	20	NAN	
87,65	0,129	11	NAN	
87,7	0,144	3	NAN	
87,75	0,1575	-4	NAN	
87,8	0,1755	-12,5	NAN	
87,85	0,189	-19,5	NAN	
87,9	0,198	-26	NAN	
87,95	0,204	-30,5	NAN	
88	0,2055	-34,5	NAN	
88,05	0,219	-39	NAN	
88,1	0,228	-43,5	NAN	
88,15	0,2325	-47	NAN	
88,2	0,2385	-50	NAN	
88,25	0,2445	-53,5	NAN	
88,3	0,2505	-56,5	NAN	
88,35	0,255	-59	NAN	
88,4	0,2565	-61,5	NAN	
88,45	0,258	-62,5	NAN	
88,5	0,258	-64	NAN	
88,55	0,261	-65	NAN	
88,6	0,2625	-66,5	NAN	
88,65	0,2655	-68	NAN	
88,7	0,2715	-69,5	NAN	
88,75	0,276	-71,5	NAN	
88,8	0,2835	-74	NAN	
88,85	0,288	-76,5	NAN	
88,9	0,291	-78,5	NAN	
88,95	0,297	-80,5	NAN	
89	0,3045	-83,5	NAN	
89,05	0,3135	-87	NAN	
89,1	0,3255	-91,5	NAN	
89,15	0,33	-95	NAN	
89,2	0,3345	-98	NAN	
89,25	0,342	-101	NAN	
89,3	0,348	-104	NAN	
89,35	0,3555	-107,5	NAN	
89,4	0,3615	-110,5	NAN	
89,45	0,3645	-112,5	NAN	
89,5	0,3705	-115	NAN	
89,55	0,378	-118	NAN	
89,6	0,3855	-121,5	NAN	
89,65	0,3945	-125,5	NAN	
89,7	0,399	-129	NAN	
89,75	0,408	-132	NAN	
89,8	0,4125	-134,5	NAN	
89,85	0,42	-138	NAN	
89,9	0,426	-140,5	NAN	
89,95	0,441	-145,5	NAN	
90	0,4515	-151,5	NAN	
90,05	0,468	-157,5	NAN	
90,1	0,474	-162,5	NAN	
90,15	0,4815	-166	NAN	
90,2	0,489	-169,5	NAN	
90,25	0,4965	-173	NAN	
90,3	0,504	-177	NAN	
90,35	0,5085	-180	NAN	
90,4	0,5085	-181,5	NAN	
90,45	0,5145	-183,5	NAN	
90,5	0,522	-186,5	NAN	
90,55	0,531	-189,5	NAN	
90,6	0,5385	-193	NAN	
90,65	0,546	-197	NAN	
90,7	0,555	-201	NAN	
90,75	0,5685	-206	NAN	
90,8	0,5805	-211	NAN	
90,85	0,5895	-215	NAN	
90,9	0,6015	-221	NAN	
90,95	0,609	-225	NAN	
91	0,615	-228	NAN	
91,05	0,627	-233	NAN	
91,1	0,636	-237	NAN	
91,15	0,651	-242,5	NAN	
91,2	0,657	-247	NAN	
91,25	0,666	-251	NAN	
91,3	0,678	-256,5	NAN	
91,35	0,687	-260	NAN	
91,4	0,6945	-263,5	NAN	
91,45	0,705	-267,5	NAN	
91,5	0,7095	-271	NAN	
91,55	0,7215	-275,5	NAN	
91,6	0,735	-281,5	NAN	
91,65	0,738	-284,5	NAN	
91,7	0,756	-289,5	NAN	
91,75	0,7695	-295,5	NAN	
91,8	0,7725	-299,5	NAN	
91,85	0,7755	-302	NAN	
91,9	0,7815	-305	NAN	
91,95	0,7905	-308	NAN	
92	0,7995	-311,5	NAN	
92,05	0,8115	-316	NAN	
92,1	0,819	-320	NAN	
92,15	0,8235	-323	NAN	
92,2	0,831	-326	NAN	
92,25	0,8415	-330	NAN	
92,3	0,855	-334,5	NAN	
92,35	0,8715	-340,5	NAN	
92,4	0,8835	-346	NAN	
92,45	0,888	-350	NAN	
92,5	0,894	-353	NAN	
92,55	0,9045	-357	NAN	
92,6	0,912	-360,5	NAN	
92,65	0,9195	-364	NAN	
92,7	0,927	-367,5	NAN	
92,75	0,9405	-372	NAN	
92,8	0,954	-377	NAN	
92,85	0,96	-380,5	NAN	
92,9	0,966	-383,5	NAN	
92,95	0,972	-387,5	NAN	
93	0,9765	-389,5	NAN	
93,05	0,9825	-392	NAN	
93,1	0,9855	-394,5	NAN	
93,15	0,9915	-397	NAN	
93,2	0,9915	-398,5	NAN	
93,25	1,0005	-400,5	NAN	
93,3	1,008	-403,5	NAN	
93,35	1,0185	-406,5	NAN	
93,4	1,0305	-411	NAN	
93,45	1,0425	-416	NAN	
93,5	1,053	-419,5	NAN	
93,55	1,068	-424,5	NAN	
93,6	1,074	-428,5	NAN	
93,65	1,0785	-431,5	NAN	
93,7	1,089	-434,5	NAN	
93,75	1,0995	-438,5	NAN	
93,8	1,113	-442,5	NAN	
93,85	1,122	-447,5	NAN	
93,9	1,131	-451	NAN	
93,95	1,1475	-456	NAN	
94	1,1535	-459,5	NAN	
94,05	1,1625	-463	NAN	
94,1	1,173	-467	NAN	
94,15	1,1895	-472,5	NAN	
94,2	1,203	-477,5	NAN	
94,25	1,2135	-482	NAN	
94,3	1,2255	-486	NAN	
94,35	1,242	-492	NAN	
94,4	1,2525	-496,5	NAN	
94,45	1,26	-500,5	NAN	
94,5	1,2735	-504,5	NAN	
94,55	1,287	-509,5	NAN	
94,6	1,2945	-513,5	NAN	
94,65	1,302	-516,5	NAN	
94,7	1,3185	-521	NAN	
94,75	1,341	-528	NAN	
94,8	1,353	-532,5	NAN	
94,85	1,3665	-538	NAN	
94,9	1,3755	-543	NAN	
94,95	1,3845	-546	NAN	
95	1,392	-549,5	NAN	
95,05	1,398	-553	NAN	
95,1	1,407	-555	NAN	
95,15	1,41	-557	NAN	
95,2	1,4145	-560	NAN	
95,25	1,431	-563	NAN	
95,3	1,4505	-568	NAN	
95,35	1,458	-572	NAN	
95,4	1,4625	-575	NAN	
95,45	1,4715	-578	NAN	
95,5	1,491	-582,5	NAN	
95,55	1,5075	-588	NAN	
95,6	1,5225	-593	NAN	
95,65	1,5405	-598	NAN	
95,7	1,5525	-603	NAN	
95,75	1,572	-608	NAN	
95,8	1,5855	-613,5	NAN	
95,85	1,59	-617	NAN	
95,9	1,59	-619	NAN	
95,95	1,596	-621	NAN	
96	1,602	-622,5	NAN	
96,05	1,6125	-625,5	NAN	
96,1	1,6245	-628,5	NAN	
96,15	1,632	-631,5	NAN	
96,2	1,6425	-635	NAN	
96,25	1,6515	-638	NAN	
96,3	1,6725	-642,5	NAN	
96,35	1,6815	-646	NAN	
96,4	1,701	-651	NAN	
96,45	1,719	-656	NAN	
96,5	1,725	-660	NAN	
96,55	1,743	-664	NAN	
96,6	1,758	-669	NAN	
96,65	1,773	-673	NAN	
96,7	1,7925	-678,5	NAN	
96,75	1,812	-683,5	NAN	
96,8	1,827	-688,5	NAN	
96,85	1,836	-692,5	NAN	
96,9	1,854	-697	NAN	
96,95	1,866	-701,5	NAN	
97	1,8825	-705,5	NAN	
97,05	1,89	-709	NAN	
97,1	1,896	-711,5	NAN	
97,15	1,905	-714,5	NAN	
97,2	1,9155	-717,5	NAN	
97,25	1,9275	-720,5	NAN	
97,3	1,932	-723	NAN	
97,35	1,944	-726	NAN	
97,4	1,953	-728,5	NAN	
97,45	1,962	-731,5	NAN	
97,5	1,9695	-734	NAN	
97,55	1,986	-737	NAN	
97,6	2,007	-741,5	NAN	
97,65	2,019	-745,5	NAN	
97,7	2,0385	-749,5	NAN	
97,75	2,064	-755	NAN	
97,8	2,07	-759	NAN	
97,85	2,082	-763	NAN	
97,9	2,091	-765,5	NAN	
97,95	2,0985	-768,5	NAN	
98	2,1075	-770,5	NAN	
98,05	2,115	-773	NAN	
98,1	2,1225	-775	NAN	
98,15	2,13	-777,5	NAN	
98,2	2,142	-780	NAN	
98,25	2,151	-782,5	NAN	
98,3	2,166	-785,5	NAN	
98,35	2,1885	-790,5	NAN	
98,4	2,2035	-793,5	NAN	
98,45	2,2365	-799	NAN	
98,5	2,247	-803,5	NAN	
98,55	2,262	-808	NAN	
98,6	2,2845	-812,5	NAN	
98,65	2,2995	-816,5	NAN	
98,7	2,3325	-822,5	NAN	
98,75	2,343	-827	NAN	
98,8	2,3535	-830	NAN	
98,85	2,373	-834	NAN	
98,9	2,388	-837,5	NAN	
98,95	2,406	-842	NAN	
99	2,4225	-845,5	NAN	
99,05	2,439	-849	NAN	
99,1	2,454	-852,5	NAN	
99,15	2,478	-857	NAN	
99,2	2,49	-860,5	NAN	
99,25	2,508	-864	NAN	
99,3	2,5275	-868	NAN	
99,35	2,5515	-872,5	NAN	
99,4	2,577	-877	NAN	
99,45	2,5965	-882	NAN	
99,5	2,619	-886,5	NAN	
99,55	2,64	-891	NAN	
99,6	2,6625	-895	NAN	
99,65	2,6805	-899	NAN	
99,7	2,706	-903	NAN	
99,75	2,7285	-907,5	NAN	
99,8	2,757	-912,5	NAN	
99,85	2,7735	-916,5	NAN	
99,9	2,781	-919	NAN	
99,95	2,784	-921	NAN	
100	2,793	-922	NAN	
100,05	2,8035	-924	NAN	
100,1	2,817	-926	NAN	
100,15	2,829	-928,5	NAN	
100,2	2,838	-930	NAN	
100,25	2,8515	-932	NAN	
100,3	2,871	-934,5	NAN	
100,35	2,874	-936,5	NAN	
100,4	2,871	-937	NAN	
100,45	2,871	-937	NAN	
100,5	2,868	-937	NAN	
100,55	2,8515	-936,5	NAN	
100,6	2,832	-935	NAN	
100,65	2,8065	-933,5	NAN	
100,7	2,7825	-931,5	NAN	
100,75	2,763	-929	NAN	
100,8	2,748	-927,5	NAN	
100,85	2,7375	-926,5	NAN	
100,9	2,7285	-925,5	NAN	
100,95	2,7195	-924,5	NAN	
101	2,715	-923,5	NAN	
101,05	2,709	-923,5	NAN	
101,1	2,7015	-922,5	NAN	
101,15	2,691	-921,5	NAN	
101,2	2,679	-919,5	NAN	
101,25	2,6655	-918	NAN	
101,3	2,652	-917	NAN	
101,35	2,643	-916	NAN	
101,4	2,628	-914,5	NAN	
101,45	2,616	-913	NAN	
101,5	2,6085	-912	NAN	
101,55	2,5965	-911	NAN	
101,6	2,5815	-909	NAN	
101,65	2,577	-908	NAN	
101,7	2,562	-906,5	NAN	
101,75	2,5515	-905	NAN	
101,8	2,535	-903	NAN	
101,85	2,52	-901,5	NAN	
101,9	2,508	-899,5	NAN	
101,95	2,499	-898	NAN	
102	2,49	-896,5	NAN	
102,05	2,478	-895	NAN	
102,1	2,4675	-893,5	NAN	
102,15	2,4585	-892	NAN	
102,2	2,448	-890,5	NAN	
102,25	2,4435	-889,5	NAN	
102,3	2,4375	-888,5	NAN	
102,35	2,43	-888	NAN	
102,4	2,424	-886,5	NAN	
102,45	2,415	-885,5	NAN	
102,5	2,403	-883,5	NAN	
102,55	2,394	-882,5	NAN	
102,6	2,3805	-880	NAN	
102,65	2,3715	-879	NAN	
102,7	2,358	-877	NAN	
102,75	2,349	-875,5	NAN	
102,8	2,3415	-873,5	NAN	
102,85	2,3385	-872,5	NAN	
102,9	2,3355	-872	NAN	
102,95	2,3325	-871,5	NAN	
103	2,3265	-870,5	NAN	
103,05	2,319	-869,5	NAN	
103,1	2,304	-867,5	NAN	
103,15	2,2935	-865,5	NAN	
103,2	2,2845	-864	NAN	
103,25	2,2815	-863	NAN	
103,3	2,271	-861,5	NAN	
103,35	2,259	-859,5	NAN	
103,4	2,2515	-857,5	NAN	
103,45	2,244	-856	NAN	
103,5	2,238	-855	NAN	
103,55	2,2245	-852,5	NAN	
103,6	2,2035	-850	NAN	
103,65	2,19	-847	NAN	
103,7	2,184	-845,5	NAN	
103,75	2,1615	-842	NAN	
103,8	2,1525	-839,5	NAN	
103,85	2,136	-836,5	NAN	
103,9	2,1225	-834	NAN	
103,95	2,1075	-831	NAN	
104	2,088	-827	NAN	
104,05	2,076	-824,5	NAN	
104,1	2,055	-820,5	NAN	
104,15	2,0295	-815,5	NAN	
104,2	2,0085	-811,5	NAN	
104,25	1,9965	-807,5	NAN	
104,3	1,974	-803	NAN	
104,35	1,962	-799	NAN	
104,4	1,953	-796	NAN	
104,45	1,947	-794	NAN	
104,5	1,935	-791,5	NAN	
104,55	1,9305	-789,5	NAN	
104,6	1,926	-788	NAN	
104,65	1,9095	-785,5	NAN	
104,7	1,8975	-782,5	NAN	
104,75	1,8885	-780	NAN	
104,8	1,881	-778	NAN	
104,85	1,863	-774,5	NAN	
104,9	1,8555	-772	NAN	
104,95	1,8405	-769	NAN	
105	1,83	-766	NAN	
105,05	1,8225	-763,5	NAN	
105,1	1,809	-760,5	NAN	
105,15	1,7925	-757	NAN	
105,2	1,7775	-753,5	NAN	
105,25	1,7595	-749	NAN	
105,3	1,752	-746	NAN	
105,35	1,7385	-742,5	NAN	
105,4	1,725	-739	NAN	
105,45	1,7145	-736	NAN	
105,5	1,692	-732	NAN	
105,55	1,6755	-726,5	NAN	
105,6	1,6665	-723	NAN	
105,65	1,6485	-719,5	NAN	
105,7	1,638	-716	NAN	
105,75	1,623	-711,5	NAN	
105,8	1,611	-708	NAN	
105,85	1,599	-704,5	NAN	
105,9	1,587	-701	NAN	
105,95	1,5795	-698	NAN	
106	1,5555	-693,5	NAN	
106,05	1,5345	-688	NAN	
106,1	1,515	-682,5	NAN	
106,15	1,4985	-677	NAN	
106,2	1,476	-671	NAN	
106,25	1,461	-666,5	NAN	
106,3	1,455	-663	NAN	
106,35	1,443	-659	NAN	
106,4	1,4295	-656	NAN	
106,45	1,4175	-651,5	NAN	
106,5	1,4085	-648	NAN	
106,55	1,3995	-645,5	NAN	
106,6	1,392	-643	NAN	
106,65	1,3755	-639	NAN	
106,7	1,3755	-636,5	NAN	
106,75	1,3665	-634,5	NAN	
106,8	1,35	-631	NAN	
106,85	1,3425	-628	NAN	
106,9	1,335	-625	NAN	
106,95	1,329	-622,5	NAN	
107	1,3095	-618	NAN	
107,05	1,2945	-614	NAN	
107,1	1,2915	-611	NAN	
107,15	1,284	-609	NAN	
107,2	1,272	-606	NAN	
107,25	1,26	-602	NAN	
107,3	1,254	-599,5	NAN	
107,35	1,245	-596,5	NAN	
107,4	1,2345	-593	NAN	
107,45	1,2105	-588	NAN	
107,5	1,1955	-583	NAN	
107,55	1,164	-575,5	NAN	
107,6	1,152	-569,5	NAN	
107,65	1,143	-565,5	NAN	
107,7	1,1295	-561	NAN	
107,75	1,1205	-557,5	NAN	
107,8	1,1145	-554,5	NAN	
107,85	1,104	-551	NAN	
107,9	1,0905	-547	NAN	
107,95	1,0845	-543,5	NAN	
