MIN=0	0	0	-1	0	0	-1	0	0	0	
MAX=12,5	21	70	1	21	70	1	200	200	5	
SCALE=5	10	50	0,5	10	50	0,5	100	100	1	
DEC=1	2	1	2	2	1	2	1	1	2	
DEF="Zeit" t / s	"Strom" I_A1 / A	"Spannung" U_B1 / V	"Leistungsfaktor" cos&j_1	"Strom" I_A2 / A	"Spannung" U_B2 / V	"Leistungsfaktor" cos&j_2	"P_ein" P_1 / W	"P_aus" P_2 / W	"Frequenz" f / Hz	
0	0,7378883025	47,23039925	0,6504642122	-0,03188988189	30,34633421	0,001255507101	22,66917158	-0,001215005715	NAN	
0,1	0,7374184038	47,2296593	0,6505286579	-0,03188988189	30,34460413	0,001674104911	22,65662509	-0,00162000762	NAN	
0,2	0,7374184038	47,22405647	0,65063885	-0,03188988189	30,36255918	0,001673114921	22,65777466	-0,00162000762	NAN	
0,3	0,737653382	47,21411776	0,6502846728	-0,03188988189	30,37038031	0,001672684052	22,64788935	-0,00162000762	NAN	
0,4	0,7374184038	47,2168141	0,650672236	-0,03188988189	30,36362956	0,002091319925	22,65546228	-0,002025009525	NAN	
0,5	0,7409370427	47,21961603	0,648053225	-0,03188988189	30,0908624	0,00168822183	22,67328437	-0,00162000762	NAN	
0,6	0,7564988479	47,22627654	0,631335145	-0,03188988189	29,13185542	0,0004359493248	22,55547321	-0,000405001905	NAN	
0,7	0,7797249622	47,23098062	0,6085494257	-0,03188988189	27,97293335	0,001816043036	22,41115594	-0,00162000762	NAN	
0,8	0,7991172651	47,23135059	0,5880034805	-0,03188988189	26,92619542	0,00282996075	22,19324334	-0,00243001143	NAN	
0,9	0,8120610447	47,22373931	0,5725172135	-0,03188988189	26,16075305	0,003398223619	21,95521019	-0,002835013335	NAN	
1	0,823120319	47,24059875	0,5594067566	-0,03188988189	25,51137001	0,004480359708	21,75236207	-0,003645017145	NAN	
1,1	0,8361960045	47,24725631	0,541988798	-0,03	24,60233729	0,004572736268	21,41287552	-0,003375	NAN	
1,2	0,8545696813	47,25671266	0,5170123966	-0,03	23,26864844	0,005372035267	20,87910818	-0,003750000001	NAN	
1,3	0,8822703843	47,25644854	0,479208001	-0,03188988189	21,29013856	0,004175646328	19,97960242	-0,002835013335	NAN	
1,4	0,9032987136	47,2591953	0,4429271942	-0,03188988189	19,50705001	0,002604189295	18,90819443	-0,00162000762	NAN	
1,5	0,9219719786	47,27873494	0,408124465	-0,03188988189	17,71425979	0	17,79001026	0	NAN	
1,6	0,9413139111	47,30781821	0,3683661335	-0,03	15,81881791	0	16,40389919	0	NAN	
1,7	0,9542231474	47,32702134	0,336166152	-0,03	14,35653161	0,00174136767	15,18144471	-0,00075	NAN	
1,8	0,9650949329	47,31715697	0,3076704093	-0,03188988189	12,95106173	0,002941846691	14,04993798	-0,001215005715	NAN	
1,9	0,9745501245	47,30850417	0,2797682351	-0,03188988189	11,53126186	0,007709484878	12,89857701	-0,002835013336	NAN	
2	0,9822478946	47,31013988	0,2532409868	-0,03188988189	10,28882889	0,01357784653	11,7681809	-0,004455020953	NAN	
2,1	0,9882218339	47,33867658	0,2329042225	-0,03188988189	9,367763874	0,008134286605	10,89551893	-0,00243001143	NAN	
2,2	0,9930539971	47,37178082	0,215602684	-0,03188988189	8,508818954	0,01343313507	10,14254021	-0,003645017145	NAN	
2,3	0,9986057607	47,39522448	0,1974248517	-0,03188988189	7,659634456	0,0116063096	9,343949274	-0,002835013336	NAN	
2,4	1,001924711	47,38895641	0,1799985308	-0,03188988189	6,80771621	0,01119319223	8,546360204	-0,00243001143	NAN	
2,5	1,006702898	47,38779752	0,1602095878	-0,03	5,76020833	0,008680241606	7,642867772	-0,0015	NAN	
2,6	1,011097072	47,40865326	0,1370875302	-0,03188988189	4,735504197	0,01072748512	6,571256557	-0,00162000762	NAN	
2,7	1,012375754	47,43413118	0,1303382767	-0,03188988189	4,50555213	0,01409373628	6,258995802	-0,002025009526	NAN	
2,8	1,013105835	47,4437608	0,127213734	-0,03	4,361765698	0,01432905945	6,114598207	-0,001875	NAN	
2,9	1,014382437	47,45060033	0,1232793238	-0,03188988189	4,166533331	0,01524050294	5,933810547	-0,002025009524	NAN	
3	1,014564701	47,43934089	0,1214490359	-0,03188988189	4,128559071	0,01845682111	5,845376189	-0,002430011431	NAN	
3,1	1,014929148	47,43228923	0,1199993062	-0,03188988189	4,001874561	0,01904109563	5,776816148	-0,002430011431	NAN	
3,2	1,014929148	47,43518369	0,1138060428	-0,03188988189	3,636619309	0,02793806361	5,479004215	-0,003240015239	NAN	
3,3	1,016021844	47,44912728	0,1043079016	-0,03	3,221800739	0,02327890707	5,028616115	-0,00225	NAN	
3,4	1,018022617	47,44775942	0,1033261913	-0,03188988189	3,212475681	0,01976670637	4,990953881	-0,002025009525	NAN	
3,5	1,017295438	47,44775942	0,1028166697	-0,03188988189	3,212475681	0,01976670637	4,962795029	-0,002025009525	NAN	
3,6	1,016931688	47,44960077	0,103087175	-0,03188988189	3,232645975	0,01933400703	4,974265724	-0,001993117618	NAN	
3,7	1,017659081	47,4381306	0,1038196784	-0,03	3,24422564	0,0195732574	5,011982639	-0,001905001905	NAN	
3,8	1,017295438	47,43207871	0,1041504373	-0,03188988189	3,260368077	0,01947634807	5,025512444	-0,002025009525	NAN	
3,9	1,017295438	47,44418172	0,1042372499	-0,03188988189	3,267261851	0,02332230463	5,030984768	-0,00243001143	NAN	
4	1,016567831	47,44418172	0,1042372499	-0,03188988189	3,267261851	0,02302520849	5,027386423	-0,002399056212	NAN	
4,1	1,016749773	47,45617645	0,1037873019	-0,03	3,257299495	0,02344895248	5,007846982	-0,002291407832	NAN	
